   3.7723561e-01   5.0292591e-01   7.7115982e-01   8.9209827e-01   9.5366341e-01   1.0322639e+00
   3.7617614e-01   5.0260732e-01   7.7084918e-01   0.0000000e+00   9.5274208e-01   1.0312566e+00
   3.7637614e-01   5.0217199e-01   7.7010248e-01   8.9404321e-01   9.5144563e-01   1.0333027e+00
   3.7653580e-01   5.0184258e-01   7.6809863e-01   8.9719606e-01   9.5273301e-01   1.0309644e+00
   3.7651346e-01   5.0167860e-01   7.7225175e-01   0.0000000e+00   9.5340654e-01   1.0304389e+00
   3.7616647e-01   5.0081469e-01   7.6728989e-01   8.9423958e-01   9.5237536e-01   1.0292689e+00
   3.7551106e-01   5.0219681e-01   7.6957321e-01   8.9410909e-01   9.5411028e-01   1.0296800e+00
   3.7868180e-01   5.0216863e-01   7.7121026e-01   8.9684435e-01   9.5327775e-01   1.0299698e+00
   3.7690383e-01   5.0241097e-01   7.7063150e-01   0.0000000e+00   9.5134531e-01   1.0299214e+00
   3.7759350e-01   5.0210324e-01   7.6802664e-01   0.0000000e+00   9.5289887e-01   1.0304837e+00
   3.7615631e-01   5.0233667e-01   7.7118409e-01   0.0000000e+00   9.5116585e-01   1.0308283e+00
   3.7738277e-01   5.0112086e-01   7.7244064e-01   8.9599264e-01   9.5307984e-01   1.0304827e+00
   3.7698005e-01   5.0300814e-01   7.7241256e-01   8.9129029e-01   9.5168749e-01   1.0304450e+00
   3.7610041e-01   5.0136774e-01   7.6783529e-01   0.0000000e+00   9.5395964e-01   1.0312656e+00
   3.7671792e-01   5.0198405e-01   7.7027160e-01   0.0000000e+00   9.5033968e-01   1.0306175e+00
   3.7650603e-01   5.0259474e-01   7.6864546e-01   8.9324610e-01   9.5252575e-01   1.0308105e+00
   3.7643624e-01   5.0235542e-01   7.6617278e-01   8.9460749e-01   9.5351571e-01   1.0305562e+00
   3.7704447e-01   5.0278672e-01   7.7010478e-01   8.9530076e-01   9.5321549e-01   1.0316080e+00
   3.7735255e-01   5.0158515e-01   7.6923428e-01   0.0000000e+00   9.5052437e-01   1.0313667e+00
   3.7659590e-01   5.0226150e-01   7.7201595e-01   8.9496402e-01   9.5069058e-01   1.0288723e+00
   3.7725812e-01   5.0222120e-01   7.6832252e-01   8.9439687e-01   9.5113196e-01   1.0294565e+00
   3.7642135e-01   5.0150757e-01   7.6849836e-01   8.9077518e-01   9.4905288e-01   1.0299329e+00
   3.7617085e-01   5.0179339e-01   7.7093684e-01   0.0000000e+00   9.5288169e-01   1.0291984e+00
   3.7608310e-01   5.0073077e-01   7.6576799e-01   8.9292106e-01   9.5215645e-01   1.0297370e+00
   3.7734768e-01   5.0099181e-01   7.6555852e-01   8.8836155e-01   9.4881587e-01   1.0282606e+00
   3.7522235e-01   5.0191286e-01   7.6988183e-01   8.9441661e-01   9.5143925e-01   1.0265178e+00
   3.7650987e-01   5.0136299e-01   7.6648808e-01   8.9340882e-01   9.5156949e-01   1.0302049e+00
   3.7543170e-01   5.0145811e-01   7.6686977e-01   8.9148522e-01   9.5193777e-01   1.0297561e+00
   3.7656986e-01   5.0200318e-01   7.6882087e-01   8.9401261e-01   9.5263286e-01   1.0312109e+00
   3.7517732e-01   5.0186710e-01   7.6841870e-01   8.9114693e-01   9.4984183e-01   1.0282737e+00
   3.7532410e-01   5.0178116e-01   7.6550473e-01   8.8905874e-01   9.4949950e-01   1.0293887e+00
   3.7551445e-01   5.0163254e-01   7.6932371e-01   8.9674250e-01   9.5056250e-01   1.0310729e+00
   3.7788763e-01   5.0151924e-01   7.7103269e-01   8.9728217e-01   9.5367947e-01   1.0311874e+00
   3.7735058e-01   5.0173965e-01   7.7128262e-01   8.9480271e-01   9.4974532e-01   1.0310393e+00
   3.7636522e-01   5.0186901e-01   7.7020490e-01   8.9230222e-01   9.5358272e-01   1.0306468e+00
   3.7691022e-01   5.0306803e-01   7.7088393e-01   8.9208065e-01   9.5290247e-01   1.0316315e+00
   3.7787715e-01   5.0280667e-01   7.7077755e-01   8.9621237e-01   9.5566487e-01   1.0330971e+00
   3.7728635e-01   5.0301136e-01   7.6945562e-01   0.0000000e+00   9.5456427e-01   1.0336809e+00
   3.7547294e-01   5.0300134e-01   7.7035158e-01   0.0000000e+00   9.5271545e-01   1.0322129e+00
   3.7704454e-01   5.0278775e-01   7.6923059e-01   0.0000000e+00   9.5436701e-01   1.0319780e+00
   3.7711942e-01   5.0275755e-01   7.7074654e-01   8.9298517e-01   9.5372672e-01   1.0310006e+00
   3.7729016e-01   5.0252067e-01   7.7095760e-01   8.9749170e-01   9.5508689e-01   1.0325778e+00
   3.7727249e-01   5.0412246e-01   7.7312389e-01   8.9701718e-01   9.5285456e-01   1.0321795e+00
   3.7685020e-01   5.0302326e-01   7.7097137e-01   8.9573758e-01   9.5005981e-01   1.0339186e+00
   3.7646878e-01   5.0191069e-01   7.6882122e-01   8.9103004e-01   9.5239941e-01   1.0318996e+00
   3.7500774e-01   5.0330445e-01   7.7189622e-01   8.9388314e-01   9.5376786e-01   1.0325753e+00
   3.7852515e-01   5.0289933e-01   7.7144919e-01   8.9105186e-01   9.5588028e-01   1.0312193e+00
   3.7643316e-01   5.0177982e-01   7.7257764e-01   8.9252928e-01   9.5286134e-01   1.0316501e+00
   3.7809250e-01   5.0279148e-01   7.6995249e-01   8.9416655e-01   9.5024529e-01   1.0309161e+00
   3.7803871e-01   5.0209328e-01   7.7167730e-01   8.9982533e-01   9.5304325e-01   1.0324977e+00
   3.7922878e-01   5.0276355e-01   7.7268960e-01   0.0000000e+00   9.5392468e-01   1.0317709e+00
   3.7831019e-01   5.0284264e-01   7.7193371e-01   8.8859587e-01   9.5313184e-01   1.0329583e+00
   3.7828147e-01   5.0270698e-01   7.7167492e-01   8.9738822e-01   9.5355658e-01   1.0314150e+00
   3.7765409e-01   5.0235356e-01   7.7141169e-01   8.9884103e-01   9.5156583e-01   1.0316145e+00
   3.7369738e-01   5.0261206e-01   7.7057000e-01   8.9913723e-01   9.5345109e-01   1.0325270e+00
   3.7650447e-01   5.0253748e-01   7.7180898e-01   8.9445218e-01   9.5147793e-01   1.0328523e+00
   3.7828351e-01   5.0290625e-01   7.7079962e-01   8.9767966e-01   9.5326973e-01   1.0297676e+00
   3.7718245e-01   5.0213410e-01   7.7125459e-01   8.9801699e-01   9.5155918e-01   1.0325631e+00
   3.7918470e-01   5.0175754e-01   7.7050277e-01   8.9269767e-01   9.5254291e-01   1.0315530e+00
   3.7778158e-01   5.0162942e-01   7.7042088e-01   8.9334472e-01   9.5079552e-01   1.0316931e+00
   3.7690885e-01   5.0184584e-01   7.6890473e-01   8.9514143e-01   9.5273994e-01   1.0303900e+00
   3.7608121e-01   5.0264809e-01   7.7073730e-01   8.9585335e-01   9.5227852e-01   1.0290336e+00
   3.7771884e-01   5.0180453e-01   7.7082876e-01   8.9569627e-01   9.5348901e-01   1.0315744e+00
   3.7542420e-01   5.0180335e-01   7.6749357e-01   8.9577927e-01   9.5210291e-01   1.0321962e+00
   3.7539164e-01   5.0197422e-01   7.7017445e-01   8.9283134e-01   9.5320232e-01   1.0307332e+00
   3.7673265e-01   5.0299922e-01   7.7087519e-01   8.9672648e-01   9.5365268e-01   1.0323590e+00
   3.7666071e-01   5.0165724e-01   7.6774728e-01   8.8793927e-01   9.5518767e-01   1.0314197e+00
   3.7678774e-01   5.0131561e-01   7.6975463e-01   8.9420999e-01   9.5258122e-01   1.0310249e+00
   3.7704980e-01   5.0251934e-01   7.6951983e-01   8.9932334e-01   9.5024457e-01   1.0342433e+00
   3.7777896e-01   5.0242635e-01   7.7143568e-01   8.9190734e-01   9.5146783e-01   1.0322869e+00
   3.7654249e-01   5.0205394e-01   7.6929331e-01   8.9115199e-01   9.5145494e-01   1.0318295e+00
   3.7653881e-01   5.0235653e-01   7.6987581e-01   8.9671150e-01   9.5230232e-01   1.0306266e+00
   3.7857129e-01   5.0189638e-01   7.7273357e-01   8.9539485e-01   9.5340930e-01   1.0311801e+00
   3.7653138e-01   5.0224342e-01   7.7033413e-01   8.9271935e-01   9.5045421e-01   1.0320545e+00
   3.7661980e-01   5.0271120e-01   7.7001089e-01   8.8839646e-01   9.5196154e-01   1.0313427e+00
   3.7698460e-01   5.0251446e-01   7.7016025e-01   8.9402103e-01   9.5246055e-01   1.0306922e+00
   3.7688632e-01   5.0159778e-01   7.7097178e-01   8.8953949e-01   9.5106662e-01   1.0297181e+00
   3.7629930e-01   5.0161768e-01   7.7299642e-01   8.9392764e-01   9.5364623e-01   1.0322957e+00
   3.7597520e-01   5.0230949e-01   7.6991788e-01   8.9511351e-01   9.5397168e-01   1.0320563e+00
   3.7721843e-01   5.0336364e-01   7.7400467e-01   0.0000000e+00   9.5394951e-01   1.0338686e+00
   3.7839863e-01   5.0245889e-01   7.7250360e-01   0.0000000e+00   9.5126629e-01   1.0317852e+00
   3.7618465e-01   5.0190961e-01   7.6941495e-01   8.9809629e-01   9.5314899e-01   1.0308725e+00
   3.7691156e-01   5.0237213e-01   7.6946567e-01   8.9631947e-01   9.5239190e-01   1.0319112e+00
   3.7760722e-01   5.0228565e-01   7.7499159e-01   8.8831139e-01   9.5445709e-01   1.0327466e+00
   3.7716067e-01   5.0351047e-01   7.7118165e-01   8.9982651e-01   9.5511456e-01   1.0333227e+00
   3.7775516e-01   5.0297206e-01   7.7373882e-01   8.9954383e-01   9.5523491e-01   1.0328440e+00
   3.7880930e-01   5.0353251e-01   7.7324612e-01   8.8998854e-01   9.5612848e-01   1.0343642e+00
   3.7905241e-01   5.0388627e-01   7.7538624e-01   0.0000000e+00   9.5612998e-01   1.0337446e+00
   3.7809809e-01   5.0432792e-01   7.7236187e-01   0.0000000e+00   9.5582822e-01   1.0351730e+00
   3.7668987e-01   5.0207259e-01   7.6890659e-01   0.0000000e+00   9.4846839e-01   1.0319475e+00
   3.7681985e-01   5.0169810e-01   7.7029877e-01   8.9042537e-01   9.5280495e-01   1.0325871e+00
   3.7659647e-01   5.0153471e-01   7.7136386e-01   8.8853073e-01   9.5346705e-01   1.0304903e+00
   3.7732609e-01   5.0232547e-01   7.6884317e-01   0.0000000e+00   9.4916823e-01   1.0314130e+00
   3.7737367e-01   5.0132844e-01   7.6733072e-01   0.0000000e+00   9.5049042e-01   1.0288740e+00
   3.7736945e-01   5.0144391e-01   7.7060121e-01   0.0000000e+00   9.4970187e-01   1.0319158e+00
   3.7686138e-01   5.0249529e-01   7.7293058e-01   8.9367971e-01   9.5104794e-01   1.0305283e+00
   3.7654640e-01   5.0245087e-01   7.7079268e-01   8.9323245e-01   9.5379012e-01   1.0312340e+00
   3.7651867e-01   5.0242539e-01   7.7035121e-01   0.0000000e+00   9.5466944e-01   1.0310618e+00
   3.7525584e-01   4.9731077e-01   7.7486339e-01   0.0000000e+00   0.0000000e+00   1.0326184e+00
   3.7786348e-01   5.0166948e-01   7.7068980e-01   8.9686081e-01   9.5216259e-01   1.0322296e+00
   3.7733779e-01   5.0268701e-01   7.7132780e-01   8.9763411e-01   9.5322068e-01   1.0327046e+00
   3.7745091e-01   5.0289399e-01   7.7362728e-01   8.9107511e-01   9.5328240e-01   1.0305860e+00
   3.7737866e-01   5.0229577e-01   7.7136054e-01   0.0000000e+00   9.5066154e-01   1.0323223e+00
   3.7781889e-01   5.0274697e-01   7.7095678e-01   8.9653511e-01   9.5105597e-01   1.0318338e+00
   3.7835118e-01   5.0304481e-01   7.7463615e-01   0.0000000e+00   9.5232017e-01   1.0321858e+00
   3.7727606e-01   5.0144799e-01   7.6756564e-01   8.9378168e-01   9.5381780e-01   1.0321730e+00
   3.7612548e-01   5.0241774e-01   7.6938078e-01   0.0000000e+00   9.5341810e-01   1.0316577e+00
   3.7723422e-01   5.0291271e-01   7.6953077e-01   0.0000000e+00   9.5136130e-01   1.0317814e+00
   3.7779520e-01   5.0279286e-01   7.6810814e-01   8.9320800e-01   9.5547240e-01   1.0319523e+00
   3.7634776e-01   5.0184553e-01   7.6676864e-01   8.9508227e-01   9.5308707e-01   1.0322655e+00
   3.7740007e-01   5.0153289e-01   7.7023024e-01   8.9651745e-01   9.5265772e-01   1.0308134e+00
   3.7766058e-01   5.0145358e-01   7.6920588e-01   0.0000000e+00   9.5567107e-01   1.0318451e+00
   3.7723276e-01   5.0190493e-01   7.7007771e-01   8.9134388e-01   9.5129587e-01   1.0312936e+00
   3.7776968e-01   5.0248888e-01   7.7158025e-01   0.0000000e+00   9.5661301e-01   1.0330047e+00
   3.7775329e-01   5.0199161e-01   7.7405425e-01   8.8442118e-01   9.5394489e-01   1.0324792e+00
   3.7718880e-01   5.0230246e-01   7.7223085e-01   8.8924366e-01   9.5371374e-01   1.0310026e+00
   3.7810169e-01   5.0251153e-01   7.6839139e-01   8.8867102e-01   9.5343477e-01   1.0318861e+00
   3.7641071e-01   5.0295800e-01   7.7172765e-01   8.9685607e-01   9.5184056e-01   1.0319396e+00
   3.7723608e-01   5.0270657e-01   7.6972576e-01   8.9518790e-01   9.5320187e-01   1.0310286e+00
   3.7474996e-01   5.0221980e-01   7.6731942e-01   8.8600407e-01   9.5055463e-01   1.0315012e+00
   3.7769337e-01   5.0219920e-01   7.7020556e-01   8.9514795e-01   9.5251611e-01   1.0320920e+00
   3.7710469e-01   5.0249240e-01   7.6894940e-01   0.0000000e+00   0.0000000e+00   1.0329696e+00
   3.7627642e-01   5.0174943e-01   7.6871476e-01   8.9421226e-01   9.5277634e-01   1.0323023e+00
   3.7690164e-01   5.0078836e-01   7.6923300e-01   8.9160198e-01   9.5111398e-01   1.0298919e+00
   3.7720776e-01   5.0232263e-01   7.6879844e-01   8.8280061e-01   9.5420063e-01   1.0306224e+00
   3.7620071e-01   5.0182869e-01   7.7347011e-01   8.8973085e-01   9.5200533e-01   1.0298955e+00
   3.7784611e-01   5.0252940e-01   7.6941250e-01   8.9115425e-01   9.4945164e-01   1.0303379e+00
   3.7564802e-01   5.0261278e-01   7.7030769e-01   8.9229332e-01   9.5340498e-01   1.0321233e+00
   3.7339480e-01   5.0224926e-01   7.6860374e-01   8.9064769e-01   9.5229877e-01   1.0313328e+00
   3.7766790e-01   5.0278679e-01   7.7083358e-01   8.9884429e-01   9.5661534e-01   1.0344556e+00
   3.7763373e-01   5.0322718e-01   7.7102620e-01   8.9836490e-01   9.5575533e-01   1.0338108e+00
   3.7748883e-01   5.0285083e-01   7.7153532e-01   0.0000000e+00   9.5284972e-01   1.0344861e+00
   3.7785072e-01   5.0252263e-01   7.7146369e-01   8.9414384e-01   9.5491212e-01   1.0335628e+00
   3.7900614e-01   5.0274473e-01   7.7295993e-01   0.0000000e+00   9.5558053e-01   1.0338628e+00
   3.7854883e-01   5.0210314e-01   7.7381364e-01   8.9841850e-01   9.5523130e-01   1.0334561e+00
   3.7846424e-01   5.0356809e-01   7.7125686e-01   8.9564844e-01   9.5532092e-01   1.0331112e+00
   3.7812266e-01   5.0322890e-01   7.7238957e-01   0.0000000e+00   9.5677669e-01   1.0323474e+00
   3.7875144e-01   5.0329747e-01   7.7363277e-01   8.9826160e-01   9.5849173e-01   1.0346469e+00
   3.7968219e-01   5.0367563e-01   7.7375279e-01   8.9575452e-01   9.5496210e-01   1.0329865e+00
   3.7775246e-01   5.0399534e-01   7.7465232e-01   8.9676887e-01   9.5604453e-01   1.0346266e+00
   3.7598451e-01   5.0348058e-01   7.7337241e-01   0.0000000e+00   9.5581224e-01   1.0352280e+00
   3.7867699e-01   5.0409135e-01   7.7408918e-01   0.0000000e+00   9.5734680e-01   1.0341301e+00
   3.7945870e-01   5.0387753e-01   7.7189820e-01   8.9712089e-01   9.5582767e-01   1.0354735e+00
   3.7812974e-01   5.0314459e-01   7.7450997e-01   8.9781525e-01   9.5486165e-01   1.0335889e+00
   3.7751698e-01   5.0332616e-01   7.7217983e-01   0.0000000e+00   9.5479949e-01   1.0327597e+00
   3.7841867e-01   5.0278667e-01   7.7314332e-01   8.9124290e-01   9.5610527e-01   1.0344141e+00
   3.7817692e-01   5.0309102e-01   7.7443918e-01   8.9692978e-01   9.5386846e-01   1.0324162e+00
   3.7773281e-01   5.0308211e-01   7.7331245e-01   0.0000000e+00   9.5550941e-01   1.0331705e+00
   3.7857992e-01   5.0375791e-01   7.7103989e-01   0.0000000e+00   9.5619777e-01   1.0343458e+00
   3.7758458e-01   5.0315354e-01   7.7165203e-01   8.9477934e-01   9.5613001e-01   1.0332170e+00
   3.7731907e-01   5.0303643e-01   7.7020858e-01   8.9689376e-01   9.5385604e-01   1.0323450e+00
   3.7743883e-01   5.0233112e-01   7.7225543e-01   0.0000000e+00   9.5447500e-01   0.0000000e+00
   3.7845838e-01   5.0252347e-01   7.7019093e-01   0.0000000e+00   9.5351136e-01   1.0318907e+00
   3.7773414e-01   5.0163333e-01   7.7251145e-01   8.9880694e-01   9.5172134e-01   1.0306825e+00
   3.7848975e-01   5.0204248e-01   7.6974780e-01   0.0000000e+00   9.4919713e-01   1.0311208e+00
   3.7811837e-01   5.0273901e-01   7.7005689e-01   8.9748706e-01   9.5319265e-01   1.0311328e+00
   3.7648203e-01   5.0182012e-01   7.6948581e-01   8.9282488e-01   9.5238625e-01   1.0303469e+00
   3.7545493e-01   5.0232786e-01   7.6802186e-01   8.9512874e-01   9.5178107e-01   1.0304781e+00
   3.7709823e-01   5.0142669e-01   7.6889614e-01   8.9397005e-01   9.5122974e-01   1.0301214e+00
   3.7731243e-01   5.0197014e-01   7.7351637e-01   8.8955246e-01   9.5066621e-01   1.0317397e+00
   3.7857734e-01   5.0171461e-01   7.7193887e-01   8.9284308e-01   9.5075879e-01   1.0329427e+00
   3.7716647e-01   5.0077652e-01   7.6971269e-01   8.9135729e-01   9.5382851e-01   1.0304855e+00
   3.7647678e-01   5.0247203e-01   7.6637318e-01   8.8908238e-01   9.5420556e-01   1.0304992e+00
   3.7547737e-01   5.0202108e-01   7.6606827e-01   8.9324197e-01   9.5203081e-01   1.0297995e+00
   3.7638013e-01   5.0202597e-01   7.7148178e-01   8.9123644e-01   9.5454206e-01   1.0312948e+00
   3.7627204e-01   5.0157640e-01   7.6415962e-01   8.8745231e-01   9.5187546e-01   1.0306759e+00
   3.7494279e-01   5.0155604e-01   7.7322843e-01   0.0000000e+00   9.4947248e-01   1.0301307e+00
   3.7644956e-01   5.0108592e-01   7.6987957e-01   0.0000000e+00   9.5443001e-01   1.0297643e+00
   3.7697200e-01   5.0230164e-01   7.7215337e-01   0.0000000e+00   9.5487225e-01   1.0300985e+00
   3.7693970e-01   5.0226037e-01   7.6671030e-01   8.5921547e-01   9.5487713e-01   1.0295681e+00
   3.7686398e-01   5.0180982e-01   7.6931351e-01   0.0000000e+00   9.5295307e-01   1.0283502e+00
   3.7625816e-01   5.0011872e-01   7.6653614e-01   0.0000000e+00   9.5381919e-01   1.0306165e+00
   3.7591508e-01   5.0122954e-01   7.6790225e-01   8.6927275e-01   9.5239110e-01   1.0311207e+00
   3.7510485e-01   5.0244101e-01   7.7213065e-01   0.0000000e+00   9.5311579e-01   1.0297593e+00
   3.7731661e-01   5.0287018e-01   7.6879730e-01   8.9114190e-01   9.5259554e-01   1.0307968e+00
   3.7733746e-01   5.0291363e-01   7.7005964e-01   8.9977159e-01   9.5385375e-01   1.0324464e+00
   3.7563762e-01   5.0319158e-01   7.7065298e-01   0.0000000e+00   9.5258655e-01   1.0318901e+00
   3.8007047e-01   5.0344843e-01   7.7085138e-01   0.0000000e+00   9.5502611e-01   1.0334433e+00
   3.7798384e-01   5.0301776e-01   7.7167187e-01   0.0000000e+00   9.5510015e-01   1.0332117e+00
   3.7726064e-01   5.0252867e-01   7.7038058e-01   8.9591775e-01   9.5475223e-01   1.0311238e+00
   3.7786571e-01   5.0313293e-01   7.7050310e-01   0.0000000e+00   9.5323940e-01   1.0330852e+00
   3.7747140e-01   5.0220767e-01   7.7089603e-01   8.9955099e-01   9.5443305e-01   1.0339582e+00
   3.7494900e-01   5.0273292e-01   7.6956415e-01   0.0000000e+00   9.5702936e-01   1.0319591e+00
   3.7689594e-01   5.0291590e-01   7.7133024e-01   0.0000000e+00   9.5586142e-01   1.0315251e+00
   3.7648374e-01   5.0308530e-01   7.6874730e-01   0.0000000e+00   9.5566334e-01   1.0324961e+00
   3.7682917e-01   5.0242227e-01   7.7130516e-01   0.0000000e+00   9.5179584e-01   1.0329702e+00
   3.7702785e-01   5.0297352e-01   7.7244137e-01   8.9958755e-01   9.5379385e-01   1.0327743e+00
   3.7678834e-01   5.0175489e-01   7.6870664e-01   0.0000000e+00   9.5416775e-01   1.0315936e+00
   3.7676156e-01   5.0272376e-01   7.6987540e-01   8.9141283e-01   9.5501523e-01   1.0300031e+00
   3.7766676e-01   5.0202965e-01   7.6964085e-01   0.0000000e+00   9.5703241e-01   1.0310505e+00
   3.7668708e-01   5.0156865e-01   7.6886280e-01   0.0000000e+00   9.5145157e-01   1.0318578e+00
   3.7778684e-01   5.0229910e-01   7.7047756e-01   0.0000000e+00   9.5137536e-01   1.0316764e+00
   3.7742363e-01   5.0255370e-01   7.6963612e-01   0.0000000e+00   9.5240714e-01   1.0320627e+00
   3.7740837e-01   5.0256456e-01   7.7220213e-01   0.0000000e+00   9.5062039e-01   1.0314356e+00
   3.7818872e-01   5.0222623e-01   7.6924988e-01   0.0000000e+00   9.5523190e-01   1.0326386e+00
   3.7789857e-01   5.0222261e-01   7.7123648e-01   8.9538057e-01   9.5337958e-01   1.0331070e+00
   3.7672488e-01   5.0290677e-01   7.7063472e-01   8.9315668e-01   9.5535736e-01   1.0313891e+00
   3.7710298e-01   5.0303386e-01   7.7391911e-01   0.0000000e+00   9.5298762e-01   1.0319602e+00
   3.7732911e-01   5.0237420e-01   7.6812705e-01   8.9015290e-01   9.5268401e-01   1.0316097e+00
   3.7747114e-01   5.0245315e-01   7.7103805e-01   8.9851605e-01   9.5302907e-01   1.0318909e+00
   3.7687175e-01   5.0309171e-01   7.7433154e-01   8.9895915e-01   9.5286099e-01   1.0322043e+00
   3.7850627e-01   5.0179024e-01   7.7211207e-01   8.8847263e-01   9.5625275e-01   1.0303657e+00
   3.7784179e-01   5.0089796e-01   7.6823552e-01   0.0000000e+00   9.5231254e-01   1.0321561e+00
   3.7811520e-01   5.0189331e-01   7.7211354e-01   8.9556563e-01   9.5460129e-01   1.0314530e+00
   3.7715237e-01   5.0331485e-01   7.6896566e-01   0.0000000e+00   9.5367780e-01   1.0313861e+00
   3.7720789e-01   5.0287719e-01   7.7252401e-01   8.9941841e-01   9.5386373e-01   1.0311349e+00
   3.7741656e-01   5.0225590e-01   7.7130906e-01   0.0000000e+00   9.5351318e-01   1.0331514e+00
   3.7538770e-01   5.0210905e-01   7.7069507e-01   0.0000000e+00   9.5315968e-01   1.0315013e+00
   3.7481345e-01   5.0197209e-01   7.6713429e-01   8.9398671e-01   9.5005868e-01   1.0322741e+00
   3.7774341e-01   5.0209382e-01   7.7153654e-01   0.0000000e+00   9.5400281e-01   1.0324096e+00
   3.7692322e-01   5.0193088e-01   7.7019169e-01   8.9309064e-01   9.5447639e-01   1.0303012e+00
   3.7656485e-01   5.0085638e-01   7.6835532e-01   0.0000000e+00   9.5153666e-01   1.0305222e+00
   3.7646643e-01   5.0162474e-01   7.7056144e-01   0.0000000e+00   9.5278561e-01   1.0309049e+00
   3.7465116e-01   5.0192096e-01   7.6909531e-01   0.0000000e+00   9.5527514e-01   1.0294218e+00
   3.7532475e-01   5.0173794e-01   7.6790090e-01   8.9145436e-01   9.4967570e-01   1.0288168e+00
   3.7670104e-01   5.0142468e-01   7.6821902e-01   8.8877476e-01   9.4993688e-01   1.0299482e+00
   3.7686015e-01   5.0141345e-01   7.6956508e-01   0.0000000e+00   9.5323894e-01   1.0311121e+00
   3.7611207e-01   5.0186352e-01   7.6853853e-01   0.0000000e+00   9.5186295e-01   1.0292032e+00
   3.7535018e-01   5.0238925e-01   7.6965332e-01   8.9112952e-01   9.5136048e-01   1.0315252e+00
   3.7583943e-01   5.0154827e-01   7.6704444e-01   8.9510222e-01   9.5143203e-01   1.0148226e+00
   3.7712943e-01   5.0248915e-01   7.6991158e-01   0.0000000e+00   9.5482042e-01   1.0307056e+00
   3.7618500e-01   5.0241275e-01   7.7045549e-01   0.0000000e+00   9.5139393e-01   1.0315035e+00
   3.7720403e-01   5.0260725e-01   7.7221949e-01   8.9648517e-01   9.5220182e-01   1.0329382e+00
   3.7730764e-01   5.0257191e-01   7.7297472e-01   0.0000000e+00   9.5183909e-01   1.0324509e+00
   3.7669121e-01   5.0264990e-01   7.7352970e-01   0.0000000e+00   0.0000000e+00   1.0341105e+00
   3.7712808e-01   5.0215655e-01   7.7190409e-01   0.0000000e+00   9.5207799e-01   1.0329155e+00
   3.7781884e-01   5.0292890e-01   7.7118941e-01   0.0000000e+00   9.5491253e-01   1.0333826e+00
   3.7662192e-01   5.0328160e-01   7.7000786e-01   8.9651638e-01   9.5474995e-01   1.0348475e+00
   3.7779123e-01   5.0201000e-01   7.7145466e-01   0.0000000e+00   9.5529824e-01   1.0317058e+00
   3.7623241e-01   5.0231261e-01   7.7084672e-01   0.0000000e+00   9.5194391e-01   1.0338249e+00
   3.7716325e-01   5.0322892e-01   7.7135855e-01   0.0000000e+00   9.5563356e-01   1.0333838e+00
   3.7712531e-01   5.0288915e-01   7.7255554e-01   0.0000000e+00   9.5590458e-01   1.0346375e+00
   3.7653738e-01   5.0266290e-01   7.7128442e-01   0.0000000e+00   9.5235332e-01   1.0305766e+00
   3.7783224e-01   5.0234285e-01   7.7097265e-01   0.0000000e+00   9.5342873e-01   1.0337288e+00
   3.7744056e-01   5.0306389e-01   7.7309984e-01   0.0000000e+00   9.5453560e-01   1.0354951e+00
   3.7719226e-01   5.0256197e-01   7.7065643e-01   0.0000000e+00   9.5368499e-01   1.0345545e+00
   3.7731566e-01   5.0261653e-01   7.7155723e-01   0.0000000e+00   9.5625787e-01   1.0345358e+00
   3.7779604e-01   5.0246329e-01   7.7150074e-01   8.9522273e-01   9.5067208e-01   1.0321707e+00
   3.7691076e-01   5.0261595e-01   7.7263373e-01   8.9776536e-01   9.5324082e-01   1.0332477e+00
   3.7869395e-01   5.0330971e-01   7.7086407e-01   0.0000000e+00   9.5608904e-01   1.0342499e+00
   3.7803782e-01   5.0318234e-01   7.7394884e-01   0.0000000e+00   9.5389956e-01   1.0327146e+00
   3.7818680e-01   5.0332121e-01   7.7367748e-01   0.0000000e+00   9.5596851e-01   0.0000000e+00
   3.7857657e-01   5.0270305e-01   7.7342315e-01   0.0000000e+00   9.5664518e-01   1.0345704e+00
   3.7803982e-01   5.0376492e-01   7.7189125e-01   0.0000000e+00   9.5832337e-01   1.0363172e+00
   3.7807921e-01   5.0352871e-01   7.7137047e-01   0.0000000e+00   9.5681032e-01   1.0349488e+00
   3.7803843e-01   5.0328393e-01   7.7424558e-01   0.0000000e+00   9.5616822e-01   1.0351051e+00
   3.7891080e-01   5.0343596e-01   7.7196094e-01   0.0000000e+00   9.5600733e-01   1.0346478e+00
   3.7860030e-01   5.0372438e-01   7.7329115e-01   0.0000000e+00   9.5646391e-01   1.0340753e+00
   3.7789948e-01   5.0364876e-01   7.7585404e-01   8.9999455e-01   9.5743258e-01   1.0334100e+00
   3.7800933e-01   5.0357097e-01   7.7137373e-01   0.0000000e+00   9.5470227e-01   1.0344466e+00
   3.7835822e-01   5.0314089e-01   7.7381766e-01   0.0000000e+00   9.5590579e-01   1.0357443e+00
   3.7772930e-01   5.0314262e-01   7.7465284e-01   0.0000000e+00   9.5601207e-01   1.0344703e+00
   3.7725993e-01   5.0464706e-01   7.7248813e-01   0.0000000e+00   9.5322683e-01   1.0333447e+00
   3.7820225e-01   5.0298374e-01   7.7077578e-01   0.0000000e+00   9.5346399e-01   1.0355076e+00
   3.7709924e-01   5.0215022e-01   7.7524498e-01   0.0000000e+00   9.5580736e-01   1.0346043e+00
   3.7721863e-01   4.9902239e-01   7.7438139e-01   8.9691649e-01   9.5733942e-01   1.0348228e+00
   3.7896416e-01   5.0433565e-01   7.7433417e-01   0.0000000e+00   9.5860637e-01   1.0364756e+00
   3.7782610e-01   5.0290856e-01   7.7348223e-01   8.9803224e-01   9.5489699e-01   1.0336510e+00
   3.7739969e-01   5.0431459e-01   7.7331857e-01   0.0000000e+00   9.5646218e-01   1.0353756e+00
   3.7846811e-01   5.0264201e-01   7.7122461e-01   0.0000000e+00   9.5369865e-01   1.0333711e+00
   3.7688108e-01   5.0326286e-01   7.6958229e-01   0.0000000e+00   9.5713758e-01   1.0338739e+00
   3.7692358e-01   5.0206083e-01   7.7041130e-01   0.0000000e+00   9.5476299e-01   1.0337643e+00
   3.7754522e-01   5.0242764e-01   7.7057446e-01   8.9985631e-01   9.5196060e-01   1.0338835e+00
   3.7613916e-01   5.0261045e-01   7.7323481e-01   0.0000000e+00   9.5648156e-01   1.0334758e+00
   3.7791597e-01   5.0234581e-01   7.7400611e-01   0.0000000e+00   9.5267702e-01   1.0318576e+00
   3.7650480e-01   5.0227695e-01   7.7097678e-01   0.0000000e+00   9.5325951e-01   1.0309335e+00
   3.7689927e-01   5.0263542e-01   7.7037171e-01   0.0000000e+00   9.5383492e-01   1.0336227e+00
   3.7698246e-01   5.0260712e-01   7.7165242e-01   8.9857139e-01   9.5551110e-01   1.0327481e+00
   3.7666339e-01   5.0249700e-01   7.6766026e-01   0.0000000e+00   0.0000000e+00   1.0347285e+00
   3.7608125e-01   5.0273022e-01   7.7038698e-01   0.0000000e+00   9.5324026e-01   1.0345207e+00
   3.7812989e-01   5.0400413e-01   7.7380882e-01   0.0000000e+00   9.5706917e-01   1.0356689e+00
   3.7727284e-01   5.0284455e-01   7.7300152e-01   0.0000000e+00   9.5244703e-01   1.0350977e+00
   3.7639527e-01   5.0269341e-01   7.7408874e-01   0.0000000e+00   9.5685885e-01   1.0344321e+00
   3.7822808e-01   5.0262461e-01   7.6972869e-01   0.0000000e+00   9.5507295e-01   1.0341397e+00
   3.7836030e-01   5.0251955e-01   7.6978276e-01   0.0000000e+00   9.5536320e-01   1.0347724e+00
   3.7664374e-01   5.0285754e-01   7.7281530e-01   0.0000000e+00   9.5503796e-01   1.0351728e+00
   3.7840679e-01   5.0380910e-01   7.7382787e-01   8.9188728e-01   9.5543595e-01   1.0354416e+00
   3.7700153e-01   5.0348194e-01   7.6892716e-01   0.0000000e+00   9.5769020e-01   1.0355218e+00
   3.7842848e-01   5.0323724e-01   7.7258289e-01   0.0000000e+00   9.5683680e-01   1.0353012e+00
   3.7791601e-01   5.0248336e-01   7.7211941e-01   0.0000000e+00   9.5487041e-01   1.0360110e+00
   3.7644081e-01   5.0269691e-01   7.7211261e-01   0.0000000e+00   9.5321378e-01   0.0000000e+00
   3.7771280e-01   5.0211970e-01   7.6966689e-01   0.0000000e+00   9.5691703e-01   1.0307604e+00
   3.7783338e-01   5.0320821e-01   7.7135425e-01   8.9903980e-01   9.5587167e-01   1.0342038e+00
   3.7806236e-01   5.0322167e-01   7.7015166e-01   0.0000000e+00   9.5659501e-01   1.0345230e+00
   3.7730395e-01   5.0252619e-01   7.7117501e-01   0.0000000e+00   9.5514498e-01   1.0331833e+00
   3.7675676e-01   5.0272924e-01   7.7187749e-01   8.9529773e-01   9.5450591e-01   1.0328899e+00
   3.7685084e-01   5.0228108e-01   7.7131515e-01   0.0000000e+00   9.5251121e-01   1.0331899e+00
   3.7765309e-01   5.0269615e-01   7.6958619e-01   8.9766215e-01   9.5508260e-01   1.0324147e+00
   3.7750465e-01   5.0206560e-01   7.7102434e-01   0.0000000e+00   9.5403237e-01   1.0334060e+00
   3.7785767e-01   5.0228430e-01   7.7170116e-01   0.0000000e+00   9.5557619e-01   1.0336063e+00
   3.7820330e-01   5.0390069e-01   7.7274711e-01   0.0000000e+00   9.5329637e-01   1.0338585e+00
   3.7820205e-01   5.0286317e-01   7.7194538e-01   0.0000000e+00   9.5387361e-01   1.0337515e+00
   3.7704061e-01   5.0313935e-01   7.7081580e-01   0.0000000e+00   9.5360656e-01   1.0359455e+00
   3.7793614e-01   5.0247087e-01   7.7052562e-01   0.0000000e+00   9.5552387e-01   1.0340696e+00
   3.7803864e-01   5.0387498e-01   7.6936254e-01   0.0000000e+00   9.5332216e-01   1.0341402e+00
   3.7587590e-01   5.0350026e-01   7.7062171e-01   0.0000000e+00   9.5335318e-01   1.0319076e+00
   3.7777475e-01   5.0313501e-01   7.7413884e-01   0.0000000e+00   9.5333318e-01   1.0336234e+00
   3.7694791e-01   5.0296050e-01   7.7054847e-01   8.9613576e-01   9.5377461e-01   1.0334430e+00
   3.7667148e-01   5.0264267e-01   7.7292838e-01   0.0000000e+00   9.5410425e-01   1.0329218e+00
   3.7599407e-01   5.0182079e-01   7.7038273e-01   0.0000000e+00   9.5272418e-01   1.0329129e+00
   3.7834461e-01   5.0233186e-01   7.7007721e-01   0.0000000e+00   9.5252160e-01   1.0334123e+00
   3.7232363e-01   5.0293087e-01   7.6987811e-01   0.0000000e+00   9.4843806e-01   1.0328273e+00
   3.7707291e-01   5.0277967e-01   7.6761663e-01   0.0000000e+00   9.5459188e-01   1.0321557e+00
   3.7627612e-01   5.0328380e-01   7.7046255e-01   0.0000000e+00   9.5562282e-01   1.0328253e+00
   3.7725073e-01   5.0271004e-01   7.7365802e-01   0.0000000e+00   9.5370185e-01   1.0348963e+00
   3.7683146e-01   5.0163984e-01   7.6907374e-01   0.0000000e+00   0.0000000e+00   1.0310348e+00
   3.7759613e-01   5.0213091e-01   7.7174335e-01   8.8979015e-01   9.5246352e-01   1.0327262e+00
   3.7597668e-01   5.0174964e-01   7.7090929e-01   8.9047983e-01   9.5327943e-01   1.0334659e+00
   3.7736578e-01   5.0288860e-01   7.7116483e-01   0.0000000e+00   9.4930205e-01   1.0328524e+00
   3.7654428e-01   5.0193422e-01   7.7031534e-01   0.0000000e+00   9.5043970e-01   1.0319479e+00
   3.7657235e-01   5.0125261e-01   7.6887976e-01   8.8783140e-01   9.5286686e-01   1.0314181e+00
   3.7681568e-01   5.0090237e-01   7.6811223e-01   0.0000000e+00   9.5338731e-01   1.0324302e+00
   3.7628586e-01   5.0138732e-01   7.6983219e-01   8.8527903e-01   9.5413458e-01   1.0325257e+00
   3.7668520e-01   5.0165869e-01   7.7010876e-01   0.0000000e+00   9.5223197e-01   1.0312584e+00
   3.7615741e-01   5.0230655e-01   7.6362010e-01   0.0000000e+00   9.5162713e-01   1.0323966e+00
   3.7718609e-01   5.0257728e-01   7.7084812e-01   0.0000000e+00   9.5475648e-01   1.0332221e+00
   3.7818633e-01   5.0249055e-01   7.6777701e-01   0.0000000e+00   9.5191399e-01   1.0319185e+00
   3.7503505e-01   5.0254846e-01   7.6197810e-01   8.9946417e-01   9.5184834e-01   1.0332571e+00
   3.7737899e-01   5.0279028e-01   7.7489420e-01   0.0000000e+00   9.5527852e-01   1.0350732e+00
   3.7758379e-01   5.0307265e-01   7.7059372e-01   8.9704565e-01   9.5492213e-01   1.0360050e+00
   3.7775386e-01   5.0345755e-01   7.6563299e-01   0.0000000e+00   9.5758058e-01   1.0367370e+00
   3.7671748e-01   5.0255830e-01   7.7233958e-01   8.8626832e-01   9.5303664e-01   1.0317453e+00
   3.7769875e-01   5.0397847e-01   7.7095912e-01   0.0000000e+00   9.5810178e-01   1.0351905e+00
   3.7773913e-01   5.0241342e-01   7.7190303e-01   8.9776189e-01   9.5593347e-01   1.0354549e+00
   3.7699083e-01   5.0303682e-01   7.7249307e-01   0.0000000e+00   9.5436913e-01   1.0332573e+00
   3.7805483e-01   5.0257610e-01   7.7337281e-01   0.0000000e+00   9.5565495e-01   1.0344349e+00
   3.7741511e-01   5.0321788e-01   7.7250465e-01   8.8823176e-01   9.5337682e-01   1.0341503e+00
   3.7686956e-01   5.0349596e-01   7.7176392e-01   8.9723422e-01   9.5566577e-01   1.0350526e+00
   3.7722756e-01   5.0284318e-01   7.7214760e-01   0.0000000e+00   9.5428069e-01   1.0348457e+00
   3.7771390e-01   5.0345372e-01   7.7221740e-01   8.9899969e-01   9.5605747e-01   1.0345789e+00
   3.7799848e-01   5.0313729e-01   7.7185937e-01   0.0000000e+00   9.5630146e-01   1.0361547e+00
   3.7727999e-01   5.0118358e-01   7.6895287e-01   0.0000000e+00   9.5390275e-01   1.0346272e+00
   3.7652185e-01   5.0240146e-01   7.6920361e-01   0.0000000e+00   9.5170413e-01   1.0325284e+00
   3.7695232e-01   5.0240015e-01   7.7169163e-01   0.0000000e+00   9.5268949e-01   1.0334468e+00
   3.7704750e-01   5.0178673e-01   0.0000000e+00   0.0000000e+00   9.5335227e-01   1.0319433e+00
   3.7631946e-01   5.0227372e-01   7.7117962e-01   0.0000000e+00   9.5229950e-01   1.0320558e+00
   3.7788653e-01   5.0231610e-01   7.7237458e-01   8.8676700e-01   9.5326431e-01   1.0314909e+00
   3.7755656e-01   5.0276820e-01   7.6708384e-01   0.0000000e+00   9.5306739e-01   1.0323607e+00
   3.7731482e-01   5.0304731e-01   7.7208631e-01   0.0000000e+00   9.5400113e-01   1.0339147e+00
   3.7757852e-01   5.0280608e-01   7.7212608e-01   8.9364993e-01   9.5450998e-01   1.0336748e+00
   3.7751160e-01   5.0181219e-01   7.7000856e-01   8.9667611e-01   9.4904798e-01   1.0319521e+00
   3.7829333e-01   5.0209957e-01   7.7741411e-01   0.0000000e+00   9.5194932e-01   1.0320855e+00
   3.7752217e-01   5.0265034e-01   7.7226621e-01   0.0000000e+00   9.5367828e-01   1.0332066e+00
   3.7816736e-01   5.0241427e-01   7.7002118e-01   0.0000000e+00   9.5300510e-01   1.0321430e+00
   3.7813784e-01   5.0266204e-01   7.7204341e-01   0.0000000e+00   9.5053734e-01   1.0336427e+00
   3.7581270e-01   5.0229357e-01   7.7307900e-01   8.9353816e-01   9.5229668e-01   1.0330818e+00
   3.7781726e-01   5.0192597e-01   7.7286392e-01   8.9843346e-01   9.5671862e-01   1.0333277e+00
   3.7818357e-01   5.0254743e-01   7.6842743e-01   8.9352939e-01   9.5113387e-01   1.0346664e+00
   3.7669178e-01   5.0156736e-01   7.7270707e-01   0.0000000e+00   9.5486909e-01   1.0320425e+00
   3.7800572e-01   5.0168019e-01   7.7190725e-01   8.9444073e-01   9.5376423e-01   1.0314382e+00
   3.7638155e-01   5.0219778e-01   7.7340113e-01   0.0000000e+00   9.5337397e-01   1.0316713e+00
   3.7820156e-01   5.0329648e-01   7.7799318e-01   8.9512411e-01   9.5036461e-01   1.0324140e+00
   3.7681480e-01   5.0177457e-01   7.9414376e-01   0.0000000e+00   9.5108428e-01   1.0305434e+00
   3.7651056e-01   5.0157285e-01   7.7022653e-01   8.9679329e-01   9.4952472e-01   1.0297454e+00
   3.7668207e-01   5.0263289e-01   7.6952498e-01   0.0000000e+00   9.5393954e-01   1.0332388e+00
   3.7698662e-01   5.0201921e-01   7.7186823e-01   8.9157911e-01   9.4934580e-01   1.0316385e+00
   3.7695147e-01   5.0136598e-01   7.6875432e-01   0.0000000e+00   9.5298700e-01   1.0319542e+00
   3.7561610e-01   5.0094337e-01   0.0000000e+00   0.0000000e+00   9.5246208e-01   1.0313173e+00
   3.7609314e-01   5.0123616e-01   7.6927790e-01   8.9295397e-01   9.5168145e-01   1.0312505e+00
   3.7624642e-01   5.0162970e-01   7.9717598e-01   0.0000000e+00   9.5065688e-01   1.0340949e+00
   3.7629011e-01   5.0197333e-01   0.0000000e+00   0.0000000e+00   9.5045266e-01   1.0296328e+00
   3.7676079e-01   5.0171294e-01   7.6832552e-01   0.0000000e+00   9.5517344e-01   1.0327954e+00
   3.7664487e-01   5.0264773e-01   7.6725085e-01   8.9175928e-01   9.5145264e-01   1.0313672e+00
   3.7666863e-01   5.0248459e-01   7.6773989e-01   0.0000000e+00   9.5283231e-01   1.0319124e+00
   3.7646802e-01   5.0188437e-01   0.0000000e+00   0.0000000e+00   9.5314271e-01   1.0336254e+00
   3.7753108e-01   5.0259132e-01   7.6486671e-01   0.0000000e+00   9.5389603e-01   1.0356110e+00
   3.7784791e-01   5.0307471e-01   7.7376089e-01   0.0000000e+00   9.5596432e-01   1.0351894e+00
   3.7766717e-01   5.0374601e-01   7.7153170e-01   0.0000000e+00   9.5285219e-01   1.0329182e+00
   3.7248624e-01   5.0253906e-01   7.7245232e-01   0.0000000e+00   9.5679944e-01   1.0347982e+00
   3.7770485e-01   5.0322268e-01   0.0000000e+00   0.0000000e+00   9.5604783e-01   1.0329608e+00
   3.7776193e-01   5.0271409e-01   7.7368214e-01   8.9370931e-01   9.5658664e-01   1.0336117e+00
   3.7748425e-01   5.0330002e-01   0.0000000e+00   0.0000000e+00   9.5678282e-01   1.0380232e+00
   3.7774571e-01   5.0289219e-01   0.0000000e+00   0.0000000e+00   9.5610001e-01   1.0335369e+00
   3.7882827e-01   5.0301988e-01   7.7303019e-01   0.0000000e+00   9.5596583e-01   1.0362660e+00
   3.7813851e-01   5.0291560e-01   7.9839043e-01   0.0000000e+00   9.5738224e-01   1.0350573e+00
   3.7857657e-01   5.0259049e-01   7.7568392e-01   0.0000000e+00   9.5521639e-01   1.0343044e+00
   3.7735864e-01   5.0288241e-01   7.7025025e-01   0.0000000e+00   9.5709886e-01   1.0333848e+00
   3.7851044e-01   5.0385875e-01   7.7403538e-01   8.8965983e-01   9.5673892e-01   1.0357847e+00
   3.7824763e-01   5.0288855e-01   7.7228946e-01   0.0000000e+00   9.5750287e-01   1.0367522e+00
   3.7584798e-01   5.0323092e-01   7.7324725e-01   0.0000000e+00   9.5577598e-01   1.0357259e+00
   3.7736214e-01   5.0294847e-01   0.0000000e+00   0.0000000e+00   9.5739614e-01   1.0330197e+00
   3.7899912e-01   5.0399629e-01   0.0000000e+00   0.0000000e+00   9.5626651e-01   1.0344069e+00
   3.7826318e-01   5.0307714e-01   7.7281103e-01   0.0000000e+00   9.5698826e-01   1.0353203e+00
   3.7758212e-01   5.0273420e-01   7.7319761e-01   0.0000000e+00   9.5375923e-01   1.0357085e+00
   3.7749811e-01   5.0349047e-01   7.8996592e-01   0.0000000e+00   9.5656137e-01   1.0342321e+00
   3.7794320e-01   5.0339952e-01   0.0000000e+00   0.0000000e+00   9.5520319e-01   1.0345090e+00
   3.7905865e-01   5.0025741e-01   7.7409656e-01   0.0000000e+00   9.5472890e-01   1.0358637e+00
   3.7950432e-01   5.0364406e-01   0.0000000e+00   0.0000000e+00   9.5628015e-01   1.0350712e+00
   3.7893860e-01   5.0343485e-01   7.6482910e-01   0.0000000e+00   9.5425689e-01   1.0346838e+00
   3.7798131e-01   5.0343898e-01   0.0000000e+00   0.0000000e+00   9.5482186e-01   1.0338351e+00
   3.7765289e-01   5.0409767e-01   0.0000000e+00   0.0000000e+00   9.5424370e-01   1.0422256e+00
   3.7339172e-01   5.0323991e-01   7.8913912e-01   0.0000000e+00   9.5432499e-01   1.0374629e+00
   3.7862889e-01   5.0209056e-01   7.7191684e-01   0.0000000e+00   9.5567442e-01   1.0360791e+00
   3.7754223e-01   5.0254035e-01   7.7204632e-01   0.0000000e+00   9.5500430e-01   1.0371934e+00
   3.7777368e-01   5.0304548e-01   7.7058059e-01   0.0000000e+00   9.5311227e-01   1.0324890e+00
   3.7790276e-01   5.0250587e-01   7.7122138e-01   0.0000000e+00   9.5401706e-01   1.0330170e+00
   3.7749064e-01   5.0335498e-01   7.6968469e-01   0.0000000e+00   9.5543069e-01   1.0345595e+00
   3.7766507e-01   5.0266913e-01   7.7013314e-01   0.0000000e+00   9.5542794e-01   1.0344653e+00
   3.7724478e-01   5.0421426e-01   7.6928028e-01   0.0000000e+00   9.5716531e-01   1.0355629e+00
   3.7779654e-01   5.0259547e-01   7.6710518e-01   0.0000000e+00   9.5454902e-01   1.0343912e+00
   3.7840464e-01   5.0379276e-01   7.6966204e-01   0.0000000e+00   9.5377948e-01   1.0348586e+00
   3.7747213e-01   5.0226227e-01   7.7126479e-01   8.9729641e-01   9.5206458e-01   1.0342221e+00
   3.7656328e-01   5.0204361e-01   0.0000000e+00   0.0000000e+00   9.5472308e-01   1.0339051e+00
   3.7623979e-01   5.0137109e-01   7.6651420e-01   8.8894796e-01   9.5231596e-01   1.0326639e+00
   3.7677316e-01   5.0213730e-01   7.6968439e-01   0.0000000e+00   9.5393565e-01   1.0329019e+00
   3.7697260e-01   5.0156525e-01   7.7338321e-01   0.0000000e+00   9.5344416e-01   1.0348617e+00
   3.7666319e-01   5.0522915e-01   7.6773275e-01   0.0000000e+00   9.5469196e-01   1.0325003e+00
   3.7650196e-01   5.0184976e-01   7.6841815e-01   0.0000000e+00   9.5199795e-01   1.0317737e+00
   3.7586715e-01   5.0146605e-01   0.0000000e+00   0.0000000e+00   9.5313767e-01   1.0303638e+00
   3.7729380e-01   5.0153773e-01   7.6883329e-01   0.0000000e+00   9.5116974e-01   1.0319532e+00
   3.7639831e-01   5.0076188e-01   7.6658702e-01   0.0000000e+00   9.5418914e-01   1.0326468e+00
   3.7642134e-01   5.0223016e-01   7.9941831e-01   0.0000000e+00   9.4992842e-01   1.0312310e+00
   3.7546721e-01   5.0288561e-01   7.8662533e-01   0.0000000e+00   9.5307081e-01   1.0325843e+00
   3.7719528e-01   5.0209518e-01   0.0000000e+00   0.0000000e+00   9.5126553e-01   1.0337542e+00
   3.7677047e-01   5.0217183e-01   7.7217920e-01   0.0000000e+00   9.5279560e-01   1.0341522e+00
   3.8007575e-01   5.0311438e-01   7.6815537e-01   0.0000000e+00   9.5549547e-01   1.0336949e+00
   3.7725132e-01   5.0245996e-01   7.6903284e-01   0.0000000e+00   9.5695647e-01   1.0334066e+00
   3.7728208e-01   5.0360339e-01   7.6813525e-01   0.0000000e+00   9.5732557e-01   1.0320973e+00
   3.7695785e-01   5.0263599e-01   7.6506029e-01   8.9609587e-01   9.5400829e-01   1.0359396e+00
   3.7778283e-01   5.0343765e-01   7.7200747e-01   0.0000000e+00   9.5715777e-01   1.0359013e+00
   3.7793771e-01   5.0342191e-01   7.6916087e-01   0.0000000e+00   9.5646495e-01   1.0352842e+00
   3.7714821e-01   5.0304826e-01   7.7039497e-01   0.0000000e+00   9.5621320e-01   1.0333796e+00
   3.7744259e-01   5.0325058e-01   7.6946502e-01   0.0000000e+00   9.5553242e-01   1.0368793e+00
   3.7821103e-01   5.0313961e-01   7.7078245e-01   0.0000000e+00   9.5516160e-01   1.0384839e+00
   3.7740418e-01   5.0322005e-01   0.0000000e+00   0.0000000e+00   9.5791222e-01   1.0354058e+00
   3.7732623e-01   5.0349072e-01   7.7046135e-01   0.0000000e+00   9.5536404e-01   1.0383235e+00
   3.7761133e-01   5.0332312e-01   7.7022799e-01   0.0000000e+00   9.5682435e-01   1.0337105e+00
   3.7883458e-01   5.0279352e-01   0.0000000e+00   0.0000000e+00   9.5684288e-01   0.0000000e+00
   3.7203835e-01   5.0267050e-01   7.7846771e-01   0.0000000e+00   9.5685118e-01   1.0357841e+00
   3.7735603e-01   5.0380436e-01   0.0000000e+00   0.0000000e+00   0.0000000e+00   1.0346128e+00
   3.7755346e-01   5.0227435e-01   7.7105207e-01   0.0000000e+00   9.5701209e-01   1.0350965e+00
   3.7674592e-01   5.0361685e-01   7.6983446e-01   0.0000000e+00   9.5594680e-01   1.0344268e+00
   3.8029854e-01   5.0368047e-01   7.7283862e-01   0.0000000e+00   9.5490143e-01   1.0346764e+00
   3.7868906e-01   5.0287703e-01   0.0000000e+00   0.0000000e+00   9.5818776e-01   1.0355591e+00
   3.7765270e-01   5.0387023e-01   7.6992870e-01   0.0000000e+00   9.5478617e-01   1.0372765e+00
   3.7717331e-01   5.0360670e-01   7.7111616e-01   0.0000000e+00   9.5682102e-01   1.0357904e+00
   3.7653700e-01   5.0334912e-01   7.6924143e-01   0.0000000e+00   9.5591853e-01   1.0330578e+00
   3.7707736e-01   5.0293298e-01   7.7173419e-01   0.0000000e+00   9.5314075e-01   1.0329724e+00
   3.7427715e-01   5.0143708e-01   7.7191506e-01   8.9048572e-01   9.5451634e-01   1.0342367e+00
   3.7792337e-01   5.0310510e-01   7.6708842e-01   0.0000000e+00   9.5629055e-01   1.0330703e+00
   3.7762466e-01   5.0214623e-01   7.7520269e-01   0.0000000e+00   0.0000000e+00   1.0326528e+00
   3.7748973e-01   5.0282742e-01   7.7113469e-01   0.0000000e+00   9.5501432e-01   1.0330150e+00
   3.7890111e-01   5.0324024e-01   7.7330618e-01   0.0000000e+00   9.5503218e-01   1.0330268e+00
   3.7671618e-01   5.0212498e-01   7.5352143e-01   0.0000000e+00   9.5305671e-01   1.0325443e+00
   3.7754830e-01   5.0280981e-01   0.0000000e+00   0.0000000e+00   9.5165743e-01   1.0332449e+00
   3.7719305e-01   5.0286820e-01   7.6439629e-01   0.0000000e+00   9.6568251e-01   1.0325952e+00
   3.7703287e-01   5.0299469e-01   7.7154139e-01   0.0000000e+00   9.5310353e-01   1.0334183e+00
   3.7850639e-01   5.0286542e-01   0.0000000e+00   8.9274228e-01   9.5849906e-01   1.0337279e+00
   3.7684313e-01   5.0193493e-01   7.6965568e-01   0.0000000e+00   9.5688283e-01   1.0344994e+00
   3.7707480e-01   5.0318348e-01   0.0000000e+00   0.0000000e+00   9.5545404e-01   1.0342139e+00
   3.7678218e-01   5.0077498e-01   7.6928848e-01   0.0000000e+00   9.5492506e-01   1.0331897e+00
   3.7771567e-01   5.0358431e-01   7.9250974e-01   0.0000000e+00   9.5448843e-01   1.0322579e+00
   3.7747025e-01   5.0259647e-01   0.0000000e+00   0.0000000e+00   9.5296881e-01   1.0302483e+00
   3.7649468e-01   5.0138852e-01   7.9496265e-01   0.0000000e+00   9.5101471e-01   1.0315340e+00
   3.7693608e-01   5.0308093e-01   7.6799649e-01   0.0000000e+00   9.5267378e-01   1.0324413e+00
   3.7588044e-01   4.8936496e-01   7.6727109e-01   0.0000000e+00   9.5085270e-01   1.0298808e+00
   3.7589117e-01   5.0235857e-01   7.6995048e-01   0.0000000e+00   9.5514890e-01   1.0320188e+00
   3.7632950e-01   5.0080873e-01   7.6977908e-01   8.8174269e-01   9.5143473e-01   1.0290914e+00
   3.7614127e-01   5.0174572e-01   0.0000000e+00   0.0000000e+00   9.5501075e-01   1.0340120e+00
   3.7665511e-01   5.0201733e-01   7.8600019e-01   0.0000000e+00   9.5368966e-01   1.0330386e+00
   3.7691684e-01   5.0375032e-01   0.0000000e+00   0.0000000e+00   9.5170834e-01   1.0325808e+00
   3.7663941e-01   5.0193106e-01   7.6218919e-01   0.0000000e+00   9.5208953e-01   1.0321961e+00
   3.7674283e-01   5.0207799e-01   7.6671404e-01   0.0000000e+00   9.4977610e-01   1.0365292e+00
   3.7680744e-01   5.0269753e-01   7.6812374e-01   0.0000000e+00   9.5603520e-01   1.0322600e+00
   3.7694267e-01   5.0246062e-01   7.6577715e-01   0.0000000e+00   9.5552521e-01   1.0332529e+00
   3.7798804e-01   5.0302789e-01   7.6713663e-01   0.0000000e+00   9.5446209e-01   1.0325643e+00
   3.7801581e-01   5.0307809e-01   0.0000000e+00   0.0000000e+00   9.5516039e-01   1.0341558e+00
   3.7857953e-01   5.0294619e-01   7.7208149e-01   0.0000000e+00   9.5620246e-01   1.0372093e+00
   3.7693656e-01   5.0876923e-01   7.7137971e-01   0.0000000e+00   9.5490730e-01   1.0337390e+00
   3.7753246e-01   5.0225213e-01   7.6635269e-01   0.0000000e+00   9.5524400e-01   1.0324047e+00
   3.7807408e-01   5.0249888e-01   7.7200920e-01   0.0000000e+00   9.5473462e-01   1.0342601e+00
   3.7777590e-01   5.0260898e-01   7.6915079e-01   0.0000000e+00   9.5603568e-01   1.0337143e+00
   3.7808240e-01   5.0235658e-01   7.7067510e-01   0.0000000e+00   9.5687499e-01   1.0332777e+00
   3.7777889e-01   5.0295843e-01   7.6626189e-01   0.0000000e+00   9.5610071e-01   1.0339299e+00
   3.7694654e-01   5.0302856e-01   7.7014021e-01   0.0000000e+00   9.5407643e-01   1.0338021e+00
   3.7700901e-01   5.0305644e-01   0.0000000e+00   0.0000000e+00   9.5576828e-01   1.0335118e+00
   3.7805969e-01   5.0265506e-01   7.6682974e-01   0.0000000e+00   9.5734056e-01   1.0319394e+00
   3.7801114e-01   5.0327436e-01   7.6841790e-01   0.0000000e+00   9.5513393e-01   1.0350182e+00
   3.7763193e-01   5.0292017e-01   0.0000000e+00   0.0000000e+00   9.5465824e-01   1.0314540e+00
   3.7748724e-01   5.0319677e-01   7.7161362e-01   0.0000000e+00   9.5785689e-01   1.0339034e+00
   3.7748333e-01   5.0226964e-01   7.7354260e-01   0.0000000e+00   9.5589005e-01   1.0332874e+00
   3.7763894e-01   5.0290654e-01   7.7150977e-01   0.0000000e+00   9.5421917e-01   1.0357933e+00
   3.8312886e-01   5.0330124e-01   7.7093320e-01   0.0000000e+00   9.5777920e-01   1.0335306e+00
   3.7542426e-01   5.0315370e-01   7.7262017e-01   0.0000000e+00   9.5538008e-01   1.0340824e+00
   3.7762601e-01   5.0345784e-01   7.7567998e-01   0.0000000e+00   9.5417255e-01   1.0367141e+00
   3.7869383e-01   5.0348898e-01   7.8869694e-01   0.0000000e+00   9.5469422e-01   1.0344279e+00
   3.8097888e-01   5.0299081e-01   0.0000000e+00   0.0000000e+00   9.5142896e-01   1.0324412e+00
   3.7739399e-01   5.0267340e-01   7.6958578e-01   0.0000000e+00   9.5314745e-01   1.0339780e+00
   3.7697858e-01   5.0299344e-01   7.7368412e-01   0.0000000e+00   9.5494106e-01   1.0316850e+00
   3.7747600e-01   5.0294541e-01   7.6824428e-01   0.0000000e+00   9.5646527e-01   1.0316006e+00
   3.7742816e-01   5.0290125e-01   7.7015224e-01   0.0000000e+00   9.5285149e-01   1.0339816e+00
   3.7559140e-01   5.0392545e-01   7.7304688e-01   0.0000000e+00   9.5170972e-01   1.0320115e+00
   3.7428665e-01   5.0202212e-01   7.6923480e-01   0.0000000e+00   9.5174536e-01   1.0320535e+00
   3.7776178e-01   5.0266858e-01   7.9536410e-01   0.0000000e+00   9.5667919e-01   1.0336236e+00
   3.7717066e-01   5.0241612e-01   7.6768516e-01   0.0000000e+00   9.5818515e-01   1.0346226e+00
   3.7804633e-01   5.0308971e-01   7.7363276e-01   0.0000000e+00   9.5393705e-01   1.0324422e+00
   3.7822950e-01   5.0216642e-01   7.6895720e-01   0.0000000e+00   9.5346556e-01   1.0355343e+00
   3.7610212e-01   5.0215051e-01   7.8084215e-01   0.0000000e+00   9.5554917e-01   1.0306753e+00
   3.7786228e-01   5.0368827e-01   7.7330996e-01   0.0000000e+00   9.5494713e-01   1.0324536e+00
   3.7753621e-01   5.0219528e-01   7.8166161e-01   0.0000000e+00   9.5129468e-01   1.0337605e+00
   3.7638464e-01   5.0087748e-01   7.6982330e-01   0.0000000e+00   9.5526425e-01   1.0346637e+00
   3.7701717e-01   5.0418818e-01   7.6967255e-01   0.0000000e+00   9.5138198e-01   1.0340915e+00
   3.7702410e-01   5.0196425e-01   7.6472052e-01   0.0000000e+00   9.5257299e-01   1.0310259e+00
   3.7561878e-01   5.0315325e-01   7.6417635e-01   0.0000000e+00   9.5320429e-01   1.0317173e+00
   3.7733864e-01   5.0248684e-01   7.7225619e-01   0.0000000e+00   9.5531625e-01   1.0315216e+00
   3.7711946e-01   5.0236046e-01   7.6986359e-01   0.0000000e+00   9.5568358e-01   1.0315052e+00
   3.7699101e-01   5.0243432e-01   7.7180165e-01   0.0000000e+00   9.5890193e-01   1.0327373e+00
   3.7703162e-01   5.0210837e-01   0.0000000e+00   0.0000000e+00   9.5322782e-01   1.0308013e+00
   3.7779114e-01   5.0178531e-01   7.7137876e-01   0.0000000e+00   9.5402667e-01   1.0309934e+00
   3.7764097e-01   5.0271300e-01   7.6821775e-01   0.0000000e+00   9.5570613e-01   1.0335351e+00
   3.7764347e-01   5.0225099e-01   7.7143912e-01   0.0000000e+00   9.5668749e-01   1.0343888e+00
   3.7811734e-01   5.0296476e-01   7.7114559e-01   0.0000000e+00   9.5549832e-01   1.0338533e+00
   3.7802224e-01   5.0352597e-01   7.6157371e-01   0.0000000e+00   9.5547039e-01   1.0343820e+00
   3.7756015e-01   5.0264454e-01   7.7162270e-01   0.0000000e+00   9.5909655e-01   1.0346702e+00
   3.7776025e-01   5.0419067e-01   7.6891314e-01   0.0000000e+00   9.5717482e-01   1.0349662e+00
   3.7800893e-01   5.0309345e-01   7.6891223e-01   0.0000000e+00   9.6038720e-01   1.0333674e+00
   3.7851039e-01   5.0313557e-01   7.7368040e-01   0.0000000e+00   9.5776924e-01   1.0373764e+00
   3.7792050e-01   5.0262130e-01   7.6825237e-01   0.0000000e+00   9.5903909e-01   1.0379359e+00
   3.7726546e-01   5.0358804e-01   7.8956872e-01   0.0000000e+00   9.5847894e-01   1.0359356e+00
   3.7766607e-01   5.0268973e-01   7.9180469e-01   0.0000000e+00   9.5573958e-01   1.0328122e+00
   3.7819323e-01   5.0339378e-01   7.6967554e-01   0.0000000e+00   9.5772963e-01   1.0327430e+00
   3.7820322e-01   5.0258924e-01   0.0000000e+00   0.0000000e+00   9.5855116e-01   1.0336834e+00
   3.7882310e-01   5.0358222e-01   7.7036974e-01   0.0000000e+00   9.5919283e-01   1.0335439e+00
   3.7814706e-01   5.0496719e-01   7.6969901e-01   0.0000000e+00   9.5791848e-01   1.0333799e+00
   3.7751218e-01   5.0471208e-01   7.8384896e-01   0.0000000e+00   9.5800372e-01   1.0355845e+00
   3.7581656e-01   5.0292305e-01   7.6668495e-01   0.0000000e+00   9.5653276e-01   1.0324570e+00
   3.7724236e-01   5.0284020e-01   7.6855781e-01   0.0000000e+00   9.5663186e-01   1.0500021e+00
   3.7246368e-01   5.0293212e-01   7.9155156e-01   0.0000000e+00   9.5777060e-01   1.0337395e+00
   3.7811588e-01   5.0387689e-01   7.7059459e-01   0.0000000e+00   9.5851848e-01   1.0351713e+00
   3.7832976e-01   5.0277468e-01   7.6828256e-01   0.0000000e+00   9.5665273e-01   1.0345853e+00
   3.7525999e-01   5.0367707e-01   7.6982505e-01   0.0000000e+00   9.6027701e-01   1.0331633e+00
   3.7975303e-01   5.0309521e-01   7.9900040e-01   0.0000000e+00   9.6123112e-01   1.0347415e+00
   3.7842032e-01   5.0385429e-01   7.9499542e-01   0.0000000e+00   9.5822162e-01   1.0326336e+00
   3.7763058e-01   5.0305411e-01   7.7448869e-01   0.0000000e+00   9.5837541e-01   1.0346704e+00
   3.7799594e-01   5.0382012e-01   0.0000000e+00   0.0000000e+00   9.5746407e-01   1.0329809e+00
   3.7698389e-01   5.0372759e-01   7.7299003e-01   0.0000000e+00   9.5791247e-01   1.0340767e+00
   3.7860106e-01   5.0320671e-01   0.0000000e+00   0.0000000e+00   9.5932604e-01   1.0346615e+00
   3.7854593e-01   5.0269884e-01   7.7240326e-01   0.0000000e+00   9.5607407e-01   1.0351363e+00
   3.7883461e-01   5.0295630e-01   7.7555289e-01   0.0000000e+00   9.5705689e-01   1.0344937e+00
   3.7687584e-01   5.0295923e-01   7.7261135e-01   0.0000000e+00   9.6072034e-01   1.0342322e+00
   3.7874138e-01   5.0362938e-01   0.0000000e+00   0.0000000e+00   9.5873066e-01   1.0348232e+00
   3.7782177e-01   5.0331611e-01   7.7454094e-01   0.0000000e+00   9.5811447e-01   1.0302130e+00
   3.7664534e-01   5.0254918e-01   7.8595032e-01   0.0000000e+00   9.5766571e-01   1.0342112e+00
   3.7700208e-01   5.0120307e-01   7.9072408e-01   0.0000000e+00   9.5449073e-01   1.0341196e+00
   3.7655810e-01   5.0156846e-01   7.7283416e-01   0.0000000e+00   9.5346706e-01   1.0367986e+00
   3.7673107e-01   5.0105414e-01   0.0000000e+00   0.0000000e+00   9.5311704e-01   1.0315554e+00
   3.7552159e-01   5.0280391e-01   7.9691359e-01   0.0000000e+00   9.5266078e-01   1.0340008e+00
   3.7682605e-01   5.0592809e-01   0.0000000e+00   0.0000000e+00   9.5705179e-01   1.0379561e+00
   3.7781626e-01   5.0287500e-01   7.8579467e-01   0.0000000e+00   9.5412003e-01   1.0310468e+00
   3.7749178e-01   5.0192590e-01   7.7253463e-01   0.0000000e+00   9.5768968e-01   1.0334007e+00
   3.7283731e-01   5.0387794e-01   7.6693772e-01   0.0000000e+00   9.5087074e-01   1.0305358e+00
   3.7645397e-01   5.0390362e-01   7.7202711e-01   0.0000000e+00   9.5278229e-01   1.0304768e+00
   3.7734292e-01   5.0169187e-01   7.8277514e-01   0.0000000e+00   9.5677491e-01   1.0317879e+00
   3.7627603e-01   5.0165810e-01   7.7142641e-01   0.0000000e+00   9.5727142e-01   1.0313677e+00
   3.7668895e-01   5.0226721e-01   7.7028820e-01   0.0000000e+00   9.5374823e-01   1.0336832e+00
   3.7519318e-01   5.0411842e-01   7.7017314e-01   0.0000000e+00   9.5046655e-01   1.0310324e+00
   3.7642443e-01   5.0290394e-01   7.8114069e-01   0.0000000e+00   9.5384781e-01   1.0311142e+00
   3.7583134e-01   5.0250957e-01   7.7160347e-01   0.0000000e+00   9.5961129e-01   1.0320654e+00
   3.7564024e-01   5.0293248e-01   7.7184536e-01   0.0000000e+00   9.5341996e-01   1.0350089e+00
   3.7683008e-01   5.0521765e-01   7.7213261e-01   0.0000000e+00   9.5803847e-01   1.0341366e+00
   3.7761205e-01   5.0312705e-01   7.7008706e-01   0.0000000e+00   9.5727944e-01   1.0368446e+00
   3.7783299e-01   5.0601518e-01   7.7411675e-01   0.0000000e+00   9.6054317e-01   1.0369336e+00
   3.7845710e-01   5.0029174e-01   7.7091691e-01   0.0000000e+00   9.5575591e-01   1.0370449e+00
   3.7643489e-01   5.0369349e-01   7.7673924e-01   0.0000000e+00   9.5990279e-01   1.0337542e+00
   3.7829765e-01   5.0244189e-01   7.7282801e-01   0.0000000e+00   9.5624218e-01   1.0335688e+00
   3.7729427e-01   5.0293554e-01   0.0000000e+00   0.0000000e+00   9.5618457e-01   1.0318245e+00
   3.7710492e-01   5.0349164e-01   7.6981505e-01   0.0000000e+00   9.5524848e-01   1.0372349e+00
   3.7841689e-01   5.0367636e-01   0.0000000e+00   0.0000000e+00   9.5357506e-01   1.0347225e+00
   3.7821254e-01   5.0402427e-01   7.7024789e-01   0.0000000e+00   9.5791215e-01   1.0354065e+00
   3.8023296e-01   5.0336510e-01   7.7157248e-01   0.0000000e+00   9.5760014e-01   1.0355833e+00
   3.8040766e-01   5.0316620e-01   7.7248005e-01   0.0000000e+00   9.5856974e-01   1.0350763e+00
   3.7731067e-01   5.0332658e-01   7.6903146e-01   0.0000000e+00   9.5825870e-01   1.0346070e+00
   3.7819175e-01   5.0326090e-01   7.7123984e-01   0.0000000e+00   9.5519043e-01   1.0341218e+00
   3.7729241e-01   5.0339389e-01   7.6977535e-01   0.0000000e+00   9.5616058e-01   1.0321503e+00
   3.7638034e-01   5.0428666e-01   7.7001016e-01   0.0000000e+00   9.5785113e-01   1.0331999e+00
   3.7760018e-01   5.0267315e-01   7.7224213e-01   0.0000000e+00   9.5488692e-01   1.0322319e+00
   3.7850370e-01   5.0315619e-01   7.7044034e-01   0.0000000e+00   0.0000000e+00   1.0325419e+00
   3.7750063e-01   5.0519062e-01   0.0000000e+00   0.0000000e+00   9.5745243e-01   1.0328042e+00
   3.7753887e-01   5.0309939e-01   7.7150378e-01   0.0000000e+00   9.5660740e-01   1.0325423e+00
   3.7795678e-01   5.0334659e-01   0.0000000e+00   0.0000000e+00   0.0000000e+00   1.0328603e+00
   3.7810802e-01   5.0379629e-01   7.7111942e-01   0.0000000e+00   9.5388101e-01   1.0326886e+00
   3.7827430e-01   5.0308002e-01   7.7162072e-01   0.0000000e+00   9.5336214e-01   1.0326096e+00
   3.7656517e-01   5.0341356e-01   0.0000000e+00   0.0000000e+00   9.5204373e-01   1.0311379e+00
   3.7781584e-01   5.0264619e-01   7.7577513e-01   0.0000000e+00   9.5451872e-01   1.0286713e+00
   3.7511585e-01   5.0274877e-01   7.7323436e-01   0.0000000e+00   9.5456485e-01   1.0327836e+00
   3.7762758e-01   5.0321020e-01   7.7079717e-01   0.0000000e+00   9.5577933e-01   1.0326327e+00
   3.7759682e-01   5.0290330e-01   0.0000000e+00   0.0000000e+00   9.5561596e-01   0.0000000e+00
   3.7681511e-01   5.0224084e-01   0.0000000e+00   0.0000000e+00   9.4854181e-01   1.0301700e+00
   3.7038806e-01   5.0354734e-01   7.6847497e-01   0.0000000e+00   9.5119948e-01   1.0298044e+00
   3.7747078e-01   5.0220560e-01   0.0000000e+00   0.0000000e+00   9.5350227e-01   1.0308494e+00
   3.7717429e-01   5.0255886e-01   7.6985122e-01   0.0000000e+00   9.5884398e-01   1.0335606e+00
   3.7364302e-01   5.0175644e-01   7.8240445e-01   0.0000000e+00   9.5118416e-01   1.0315637e+00
   3.7421701e-01   5.0296467e-01   7.7076245e-01   0.0000000e+00   9.5655951e-01   1.0329823e+00
   3.7929048e-01   5.0202243e-01   7.7257464e-01   0.0000000e+00   9.5467097e-01   1.0317770e+00
   3.8007642e-01   5.0244340e-01   7.7151552e-01   0.0000000e+00   9.5771761e-01   1.0324449e+00
   3.7652172e-01   5.0227032e-01   7.7191296e-01   0.0000000e+00   9.4868805e-01   1.0315933e+00
   3.7521153e-01   5.0205140e-01   7.7033340e-01   0.0000000e+00   9.5651633e-01   1.0313762e+00
   3.7686875e-01   5.0237884e-01   7.6970281e-01   0.0000000e+00   9.5433443e-01   1.0312126e+00
   3.7644001e-01   5.0268289e-01   7.6535938e-01   0.0000000e+00   9.5175780e-01   1.0297568e+00
   3.7565608e-01   5.0064993e-01   7.6652556e-01   0.0000000e+00   9.5694799e-01   1.0344999e+00
   3.7691322e-01   5.0210720e-01   7.7065817e-01   0.0000000e+00   9.5774286e-01   1.0316844e+00
   3.7645864e-01   5.0282594e-01   7.6733797e-01   0.0000000e+00   0.0000000e+00   1.0319147e+00
   3.7822678e-01   5.0172885e-01   7.6934313e-01   0.0000000e+00   9.5269755e-01   1.0328483e+00
   3.7738942e-01   5.0275069e-01   0.0000000e+00   0.0000000e+00   0.0000000e+00   1.0325290e+00
   3.7423262e-01   5.0165539e-01   7.6850189e-01   0.0000000e+00   9.5025544e-01   1.0313729e+00
   3.7617435e-01   5.0271811e-01   7.8571400e-01   0.0000000e+00   9.5399714e-01   1.0337989e+00
   3.7831424e-01   5.0267467e-01   7.7047494e-01   0.0000000e+00   9.5716860e-01   1.0332720e+00
   3.7726636e-01   5.0406658e-01   7.6735819e-01   0.0000000e+00   9.5579129e-01   1.0359709e+00
   3.7673761e-01   5.0330261e-01   7.7291925e-01   0.0000000e+00   9.5752020e-01   1.0341666e+00
   3.7801498e-01   5.0290823e-01   0.0000000e+00   0.0000000e+00   9.5278764e-01   1.0354788e+00
   3.7638122e-01   5.0355745e-01   7.7413839e-01   0.0000000e+00   9.5433647e-01   1.0364763e+00
   3.7848908e-01   5.0377615e-01   7.7540340e-01   0.0000000e+00   9.5527400e-01   1.0368392e+00
   3.7669921e-01   5.0096067e-01   0.0000000e+00   0.0000000e+00   9.6131095e-01   1.0368245e+00
   3.7571004e-01   5.0434705e-01   7.7167258e-01   0.0000000e+00   9.5433313e-01   1.0358423e+00
   3.7832414e-01   5.0250565e-01   7.7424987e-01   0.0000000e+00   9.5653258e-01   1.0363904e+00
   3.7747385e-01   5.0474008e-01   0.0000000e+00   0.0000000e+00   9.5929148e-01   1.0330774e+00
   3.7737664e-01   5.0392825e-01   7.9644828e-01   0.0000000e+00   9.5577539e-01   1.0355252e+00
   3.7745492e-01   5.0241671e-01   7.7544015e-01   0.0000000e+00   9.5757502e-01   1.0355380e+00
   3.7899498e-01   5.0405345e-01   7.7404074e-01   0.0000000e+00   9.5694321e-01   1.0357039e+00
   3.7866059e-01   5.0332357e-01   7.7347507e-01   0.0000000e+00   9.5938723e-01   1.0339459e+00
   3.7749018e-01   5.0495166e-01   7.7146304e-01   0.0000000e+00   9.5537673e-01   1.0366584e+00
   3.7554518e-01   5.0244502e-01   7.9708320e-01   0.0000000e+00   9.5325144e-01   1.0328600e+00
   3.7742004e-01   5.0245607e-01   7.7150742e-01   0.0000000e+00   9.4799820e-01   1.0335972e+00
   3.7709236e-01   5.0297929e-01   7.7177907e-01   0.0000000e+00   9.5702202e-01   1.0313297e+00
   3.7702049e-01   5.0529634e-01   7.7194138e-01   0.0000000e+00   9.4966152e-01   1.0318732e+00
   3.7616166e-01   5.0316008e-01   7.7073699e-01   0.0000000e+00   9.4894244e-01   1.0317200e+00
   3.7691016e-01   5.0202119e-01   7.7406937e-01   0.0000000e+00   9.5211510e-01   1.0318993e+00
   3.7601166e-01   5.0127710e-01   7.7144936e-01   0.0000000e+00   9.5505750e-01   1.0301542e+00
   3.7806588e-01   5.0335327e-01   7.6950236e-01   0.0000000e+00   9.5484293e-01   1.0359856e+00
   3.7558074e-01   5.0257696e-01   0.0000000e+00   0.0000000e+00   0.0000000e+00   1.0312643e+00
   3.7352849e-01   5.0046118e-01   7.6894468e-01   0.0000000e+00   9.4935198e-01   1.0314163e+00
   3.7563091e-01   5.0237437e-01   7.6939471e-01   0.0000000e+00   9.5209058e-01   1.0292205e+00
   3.7548229e-01   5.0309665e-01   7.6639107e-01   0.0000000e+00   9.5299486e-01   1.0309507e+00
   3.7764428e-01   5.0159664e-01   0.0000000e+00   0.0000000e+00   9.5141381e-01   1.0322064e+00
   3.7774315e-01   5.0594638e-01   7.7047112e-01   0.0000000e+00   9.5381986e-01   1.0316682e+00
   3.7648933e-01   5.0209914e-01   0.0000000e+00   0.0000000e+00   9.5118556e-01   1.0310361e+00
   3.7584443e-01   5.0163261e-01   7.7143152e-01   0.0000000e+00   9.5315449e-01   1.0311380e+00
   3.7693346e-01   5.0066396e-01   0.0000000e+00   0.0000000e+00   9.5342019e-01   1.0298438e+00
   3.7766569e-01   5.0131903e-01   7.7151852e-01   0.0000000e+00   0.0000000e+00   1.0296078e+00
   3.7462397e-01   5.0381541e-01   0.0000000e+00   0.0000000e+00   9.5175157e-01   1.0312584e+00
   3.7789666e-01   5.0204067e-01   7.9954036e-01   0.0000000e+00   9.5494562e-01   1.0266961e+00
   3.7584626e-01   5.0107523e-01   7.6994527e-01   0.0000000e+00   9.5178860e-01   1.0298285e+00
   3.7650524e-01   5.0069045e-01   7.7063151e-01   0.0000000e+00   0.0000000e+00   1.0326127e+00
   3.7416750e-01   5.0156154e-01   0.0000000e+00   0.0000000e+00   9.5328941e-01   1.0313907e+00
   3.7625826e-01   5.0304502e-01   7.6736000e-01   0.0000000e+00   9.5175255e-01   1.0284547e+00
   3.7727258e-01   5.0134822e-01   7.6785528e-01   0.0000000e+00   9.5678419e-01   1.0342062e+00
   3.7669374e-01   5.0023945e-01   7.6868491e-01   0.0000000e+00   9.5342350e-01   1.0326685e+00
   3.7537705e-01   5.0157329e-01   7.8786884e-01   0.0000000e+00   9.5134932e-01   1.0327544e+00
   3.7666529e-01   5.0227683e-01   7.7056780e-01   0.0000000e+00   9.5277190e-01   1.0308797e+00
   3.7583370e-01   5.0145633e-01   7.6594594e-01   0.0000000e+00   9.5371941e-01   1.0303616e+00
   3.7689515e-01   5.0385567e-01   7.7028031e-01   0.0000000e+00   9.5271524e-01   1.0318890e+00
   3.7621379e-01   5.0262253e-01   7.7071917e-01   0.0000000e+00   9.5451774e-01   1.0329171e+00
   3.7625461e-01   5.0235649e-01   7.9956336e-01   0.0000000e+00   9.5530273e-01   1.0381561e+00
   3.7610684e-01   5.0369699e-01   7.7141834e-01   0.0000000e+00   9.5460106e-01   1.0326421e+00
   3.7559071e-01   5.0279717e-01   7.7125331e-01   0.0000000e+00   9.5621202e-01   1.0316543e+00
   3.7562943e-01   5.0238604e-01   7.7026309e-01   0.0000000e+00   9.5662169e-01   1.0358399e+00
   3.7601940e-01   5.0239838e-01   7.7071913e-01   0.0000000e+00   9.5627403e-01   1.0320257e+00
   3.7591310e-01   5.0165983e-01   7.7179637e-01   0.0000000e+00   9.5770911e-01   1.0369105e+00
   3.7742079e-01   5.0305952e-01   0.0000000e+00   0.0000000e+00   9.5558799e-01   1.0378544e+00
   3.7710957e-01   5.0196364e-01   7.9870247e-01   0.0000000e+00   0.0000000e+00   1.0349257e+00
   3.7731959e-01   5.0411408e-01   7.7199299e-01   0.0000000e+00   9.5456634e-01   1.0354897e+00
   3.7643248e-01   5.0332004e-01   7.7078539e-01   0.0000000e+00   9.5419765e-01   1.0335841e+00
   3.7658919e-01   5.0375186e-01   7.7336908e-01   0.0000000e+00   9.5519802e-01   1.0362449e+00
   3.7744460e-01   5.0238938e-01   0.0000000e+00   0.0000000e+00   9.5737116e-01   1.0340619e+00
   3.7833903e-01   5.0267660e-01   0.0000000e+00   0.0000000e+00   9.5622070e-01   1.0347988e+00
   3.7632304e-01   5.0319621e-01   0.0000000e+00   0.0000000e+00   9.5687023e-01   1.0329544e+00
   3.7764752e-01   5.0374158e-01   0.0000000e+00   0.0000000e+00   9.5992524e-01   1.0359628e+00
   3.7727527e-01   5.0292516e-01   0.0000000e+00   0.0000000e+00   9.5682509e-01   1.0318145e+00
   3.7785232e-01   5.0286531e-01   7.7031983e-01   0.0000000e+00   9.5238783e-01   1.0313719e+00
   3.7728156e-01   5.0551100e-01   7.7103512e-01   0.0000000e+00   9.5309089e-01   1.0307374e+00
   3.7759591e-01   5.0180076e-01   7.6953598e-01   0.0000000e+00   9.5526084e-01   1.0364862e+00
   3.7488159e-01   5.0251143e-01   0.0000000e+00   0.0000000e+00   9.5189247e-01   1.0295596e+00
   3.7647075e-01   5.0204945e-01   0.0000000e+00   0.0000000e+00   9.5361375e-01   1.0310271e+00
   3.7613213e-01   5.0273849e-01   0.0000000e+00   0.0000000e+00   9.5565457e-01   0.0000000e+00
   3.7830403e-01   5.0215423e-01   7.7396148e-01   0.0000000e+00   9.5263534e-01   1.0320967e+00
   3.7637720e-01   5.0293367e-01   0.0000000e+00   0.0000000e+00   9.5075395e-01   1.0333573e+00
   3.7706845e-01   5.0224917e-01   7.6989871e-01   0.0000000e+00   9.4995068e-01   1.0339576e+00
   3.7763606e-01   5.0308533e-01   7.7234882e-01   0.0000000e+00   9.5582994e-01   1.0323522e+00
   3.7573260e-01   5.0215411e-01   0.0000000e+00   0.0000000e+00   9.5082935e-01   1.0247932e+00
   3.7597027e-01   5.0509064e-01   7.7093523e-01   0.0000000e+00   9.5451275e-01   1.0304211e+00
   3.7634850e-01   5.0249664e-01   7.6999999e-01   0.0000000e+00   9.5289514e-01   1.0297450e+00
   3.7729968e-01   5.0239090e-01   7.7240996e-01   0.0000000e+00   9.5500448e-01   1.0273136e+00
   3.7785884e-01   5.0398090e-01   0.0000000e+00   0.0000000e+00   9.5226293e-01   1.0286704e+00
   3.7638219e-01   5.0206106e-01   7.7036588e-01   0.0000000e+00   9.5196603e-01   1.0292025e+00
   3.7449176e-01   5.0336586e-01   7.6892695e-01   0.0000000e+00   9.5294963e-01   1.0336094e+00
   3.7609200e-01   5.0152901e-01   0.0000000e+00   0.0000000e+00   9.5174207e-01   1.0309957e+00
   3.7689183e-01   5.0273711e-01   7.7165948e-01   0.0000000e+00   9.5326934e-01   1.0304349e+00
   3.7738278e-01   5.0107021e-01   7.7045918e-01   0.0000000e+00   9.5355433e-01   1.0268128e+00
   3.7703499e-01   5.0217706e-01   7.6868708e-01   0.0000000e+00   9.5354397e-01   1.0327075e+00
   3.7551117e-01   5.0653661e-01   7.7113277e-01   0.0000000e+00   9.5559534e-01   1.0328257e+00
   3.7449896e-01   5.0363185e-01   7.7126784e-01   0.0000000e+00   9.5545682e-01   1.0312909e+00
   3.7414238e-01   5.0249600e-01   7.7226184e-01   0.0000000e+00   9.5258014e-01   1.0322546e+00
   3.7612737e-01   5.0104197e-01   7.7314447e-01   0.0000000e+00   9.5191786e-01   1.0326072e+00
   3.7596975e-01   5.0335703e-01   7.6849084e-01   0.0000000e+00   9.4965301e-01   1.0272552e+00
   3.7744782e-01   5.0248169e-01   7.7415035e-01   0.0000000e+00   9.5431862e-01   1.0322663e+00
   3.7592791e-01   5.0195001e-01   7.7123083e-01   0.0000000e+00   9.5249808e-01   1.0326051e+00
   3.7235819e-01   5.0228351e-01   7.7420623e-01   0.0000000e+00   9.5161216e-01   1.0312000e+00
   3.7588356e-01   5.0454686e-01   7.7263504e-01   0.0000000e+00   9.5319621e-01   1.0372933e+00
   3.7700571e-01   5.0261161e-01   7.7304316e-01   0.0000000e+00   9.5605042e-01   1.0337144e+00
   3.7824369e-01   5.0250057e-01   7.7009756e-01   0.0000000e+00   9.5363709e-01   1.0324839e+00
   3.7304855e-01   5.0251724e-01   7.7287656e-01   0.0000000e+00   9.5661912e-01   1.0385611e+00
   3.7779698e-01   5.0256626e-01   7.7425619e-01   0.0000000e+00   9.5435299e-01   1.0328698e+00
   3.7717729e-01   5.0308199e-01   7.7294964e-01   0.0000000e+00   9.5458972e-01   1.0323315e+00
   3.7679710e-01   5.0327654e-01   7.9391519e-01   0.0000000e+00   9.5808124e-01   1.0375034e+00
   3.7816452e-01   5.0333979e-01   7.7389375e-01   0.0000000e+00   9.5464327e-01   1.0296626e+00
   3.7856537e-01   5.0285351e-01   7.7484997e-01   0.0000000e+00   9.5757557e-01   1.0345695e+00
   3.7902470e-01   5.0434176e-01   7.7539845e-01   0.0000000e+00   9.5808902e-01   1.0368235e+00
   3.7682613e-01   5.0364147e-01   7.7473295e-01   0.0000000e+00   9.5818985e-01   1.0387472e+00
   3.7852440e-01   5.0249594e-01   7.7431759e-01   0.0000000e+00   9.5724670e-01   1.0367095e+00
   3.7737040e-01   5.0413818e-01   7.6751097e-01   0.0000000e+00   9.5878462e-01   1.0364265e+00
   3.7738360e-01   5.0401581e-01   7.7155978e-01   0.0000000e+00   9.5988654e-01   0.0000000e+00
   3.7816230e-01   5.0201162e-01   7.7177640e-01   0.0000000e+00   9.5600418e-01   1.0345078e+00
   3.7777212e-01   5.0385013e-01   0.0000000e+00   0.0000000e+00   9.5709851e-01   1.0381958e+00
   3.7822249e-01   5.0398751e-01   7.7235603e-01   0.0000000e+00   9.6021531e-01   1.0350045e+00
   3.7804948e-01   5.0381753e-01   7.7055151e-01   0.0000000e+00   0.0000000e+00   1.0343870e+00
   3.7827488e-01   5.0320300e-01   7.7407724e-01   0.0000000e+00   9.5628234e-01   1.0331128e+00
   3.7786916e-01   5.0331243e-01   7.7304721e-01   0.0000000e+00   9.5479213e-01   1.0332029e+00
   3.7859670e-01   5.0405382e-01   7.7168106e-01   0.0000000e+00   9.5314748e-01   1.0330827e+00
   3.7975788e-01   5.0345534e-01   0.0000000e+00   0.0000000e+00   9.5370036e-01   1.0352023e+00
   3.7809606e-01   5.0373195e-01   7.7230607e-01   0.0000000e+00   9.5227601e-01   1.0323324e+00
   3.7810353e-01   5.0233122e-01   7.7293977e-01   0.0000000e+00   9.5315852e-01   1.0314369e+00
   3.7954288e-01   5.0233505e-01   7.7441427e-01   0.0000000e+00   9.5393675e-01   1.0353272e+00
   3.7487017e-01   5.0403808e-01   7.7359008e-01   0.0000000e+00   9.5382928e-01   1.0338167e+00
   3.7958704e-01   5.0514297e-01   7.7387136e-01   0.0000000e+00   9.5281653e-01   1.0355902e+00
   3.7798822e-01   5.0298827e-01   7.7287042e-01   0.0000000e+00   9.5234175e-01   1.0327257e+00
   3.6727456e-01   5.0503296e-01   7.7438876e-01   0.0000000e+00   9.5732807e-01   1.0339531e+00
   3.7202848e-01   5.0385044e-01   7.9573564e-01   0.0000000e+00   9.4939870e-01   1.0328799e+00
   3.7689227e-01   5.0084268e-01   7.6994709e-01   8.9204492e-01   9.4899714e-01   1.0312944e+00
   3.7608821e-01   5.0222099e-01   7.6826077e-01   8.9713661e-01   9.5070676e-01   1.0312810e+00
   3.7688022e-01   5.0184187e-01   7.6859570e-01   8.9220794e-01   9.5303952e-01   1.0286964e+00
   3.7830225e-01   5.0281488e-01   7.7278902e-01   8.9683486e-01   9.5265658e-01   1.0306473e+00
   3.7641468e-01   5.0218782e-01   7.6917095e-01   0.0000000e+00   9.5616609e-01   1.0317454e+00
   3.7681297e-01   5.0305812e-01   7.7058671e-01   8.9927483e-01   9.5238698e-01   1.0318313e+00
   3.7630394e-01   5.0183988e-01   7.7206425e-01   8.9110175e-01   9.5303314e-01   1.0310409e+00
   3.7698339e-01   5.0219436e-01   7.7087035e-01   0.0000000e+00   9.5712394e-01   1.0314137e+00
   3.7695801e-01   5.0278381e-01   7.6961069e-01   0.0000000e+00   9.5295235e-01   1.0333122e+00
   3.7742269e-01   5.0321475e-01   7.6891495e-01   0.0000000e+00   9.5452667e-01   1.0317416e+00
   3.7698095e-01   5.0226192e-01   7.7399961e-01   0.0000000e+00   9.5155063e-01   1.0321245e+00
   3.7823589e-01   5.0382953e-01   7.7734816e-01   0.0000000e+00   9.5474831e-01   1.0337872e+00
   3.7933955e-01   5.0190847e-01   7.7314138e-01   8.9144211e-01   9.5258972e-01   1.0337756e+00
   3.7884414e-01   5.0422270e-01   7.7275733e-01   0.0000000e+00   9.5667093e-01   1.0357674e+00
   3.7755735e-01   5.0315559e-01   7.7354087e-01   0.0000000e+00   9.5587856e-01   1.0330687e+00
   3.7769951e-01   5.0396449e-01   7.7116349e-01   0.0000000e+00   9.5620517e-01   1.0320621e+00
   3.7798334e-01   5.0405094e-01   7.7087776e-01   8.9890343e-01   9.5443031e-01   1.0343724e+00
   3.7698936e-01   5.0245861e-01   7.7434792e-01   8.9998989e-01   9.5661978e-01   1.0327011e+00
   3.7688327e-01   5.0271450e-01   7.7126255e-01   0.0000000e+00   9.5334716e-01   1.0339223e+00
   3.7793621e-01   5.0299694e-01   7.7246650e-01   0.0000000e+00   9.5399141e-01   1.0331212e+00
   3.7888535e-01   5.0235452e-01   7.7496288e-01   8.9466081e-01   9.5565527e-01   1.0337367e+00
   3.7782201e-01   5.0206806e-01   7.6977701e-01   0.0000000e+00   9.5481117e-01   1.0320195e+00
   3.7756547e-01   5.0216458e-01   7.6961969e-01   0.0000000e+00   9.5240695e-01   1.0342140e+00
   3.7763041e-01   5.0319245e-01   7.7001836e-01   0.0000000e+00   9.5489353e-01   1.0338207e+00
   4.2657222e-01   5.0289982e-01   7.7412881e-01   0.0000000e+00   9.5237524e-01   1.0329962e+00
   3.7886253e-01   5.0306729e-01   7.7558452e-01   0.0000000e+00   9.5524088e-01   1.0328160e+00
   3.7953067e-01   5.0344727e-01   7.7263821e-01   0.0000000e+00   9.5427353e-01   1.0335205e+00
   3.7882679e-01   5.0424179e-01   7.7194782e-01   0.0000000e+00   9.5512630e-01   1.0332754e+00
   3.7765034e-01   5.0309299e-01   7.7477395e-01   8.9499574e-01   9.5500453e-01   1.0328125e+00
   3.7942038e-01   5.0310691e-01   7.9686577e-01   0.0000000e+00   9.5391504e-01   1.0327856e+00
   4.1916290e-01   5.0331341e-01   7.7417402e-01   0.0000000e+00   9.5843288e-01   1.0336113e+00
   3.7697720e-01   5.0279953e-01   7.6644362e-01   8.9532541e-01   9.5097272e-01   1.0302744e+00
   3.7626262e-01   5.0168810e-01   7.7074085e-01   0.0000000e+00   9.5387764e-01   1.0300070e+00
   3.7742807e-01   5.0251667e-01   7.7163257e-01   0.0000000e+00   9.5447341e-01   1.0331433e+00
   3.7719875e-01   5.0277260e-01   7.7384767e-01   0.0000000e+00   9.5577476e-01   1.0337558e+00
   4.2156980e-01   5.0335996e-01   7.7007827e-01   0.0000000e+00   9.5617821e-01   1.0332506e+00
   3.7756230e-01   5.0256340e-01   7.6980892e-01   0.0000000e+00   9.5231662e-01   1.0322331e+00
   3.7757659e-01   5.0303316e-01   7.6688895e-01   0.0000000e+00   9.5506023e-01   1.0329167e+00
   4.2804652e-01   5.0341151e-01   7.7134335e-01   0.0000000e+00   9.5443796e-01   1.0327470e+00
   3.7748806e-01   5.0248348e-01   7.7065107e-01   0.0000000e+00   9.5561784e-01   1.0332478e+00
   3.7680187e-01   5.0316960e-01   7.7494664e-01   0.0000000e+00   9.5471965e-01   1.0322510e+00
   3.7799392e-01   5.0316626e-01   7.7104084e-01   0.0000000e+00   9.5511057e-01   1.0332344e+00
   3.7690943e-01   5.0270084e-01   7.7290979e-01   0.0000000e+00   9.5346945e-01   1.0328743e+00
   4.2309054e-01   5.0312412e-01   7.7216297e-01   8.8885545e-01   9.5606661e-01   1.0323929e+00
   3.7816983e-01   5.0308205e-01   7.7193448e-01   0.0000000e+00   9.5512920e-01   1.0324228e+00
   3.7679801e-01   5.0283226e-01   7.7176242e-01   8.9787782e-01   9.5512726e-01   1.0319330e+00
   3.7761788e-01   5.0272116e-01   7.7243265e-01   0.0000000e+00   9.5438925e-01   1.0335799e+00
   3.7754968e-01   5.0289992e-01   7.7108521e-01   8.9841953e-01   9.5371999e-01   1.0336667e+00
   3.7702473e-01   5.0300725e-01   7.7256903e-01   8.9523886e-01   9.5347897e-01   1.0330689e+00
   3.7586595e-01   5.0306784e-01   7.7181891e-01   8.9888525e-01   9.5440964e-01   1.0330271e+00
   3.7733111e-01   5.0305626e-01   7.6924221e-01   0.0000000e+00   9.5385468e-01   1.0330638e+00
   3.7780187e-01   5.0312761e-01   7.6775835e-01   8.9479752e-01   9.5660983e-01   1.0332423e+00
   3.7718768e-01   5.0293629e-01   7.7287603e-01   8.9689072e-01   9.5420773e-01   1.0345570e+00
   3.7779517e-01   5.0326591e-01   7.7435897e-01   0.0000000e+00   9.5505018e-01   1.0357079e+00
   3.7805178e-01   5.0356597e-01   7.7007196e-01   8.9474590e-01   9.5558772e-01   1.0341157e+00
   3.7863858e-01   5.0328418e-01   7.7229338e-01   8.9487361e-01   9.5443286e-01   1.0318263e+00
   3.7795256e-01   5.0308938e-01   7.7178850e-01   8.9831181e-01   9.5280020e-01   1.0324851e+00
   3.7807902e-01   5.0347338e-01   7.7076766e-01   0.0000000e+00   9.5189093e-01   1.0315005e+00
   3.7798709e-01   5.0256017e-01   7.7310379e-01   0.0000000e+00   9.5377158e-01   1.0346770e+00
   3.7760756e-01   5.0275205e-01   7.7060694e-01   8.9225335e-01   9.5401452e-01   1.0308677e+00
   3.7774366e-01   5.0217449e-01   7.6942313e-01   8.9388766e-01   9.5044921e-01   1.0320851e+00
   3.7710977e-01   5.0183570e-01   7.7045731e-01   8.9399993e-01   9.5241874e-01   1.0319479e+00
   3.7631627e-01   5.0227805e-01   7.6939134e-01   8.9802510e-01   9.5057244e-01   1.0306566e+00
   3.7638796e-01   5.0224800e-01   7.7275703e-01   8.9922595e-01   9.5156695e-01   1.0317279e+00
   3.7753723e-01   5.0226918e-01   7.7257196e-01   8.9205691e-01   9.5391046e-01   1.0297212e+00
   3.7723188e-01   5.0283800e-01   7.6984716e-01   8.9421777e-01   9.5236907e-01   1.0303716e+00
   3.7742664e-01   5.0199495e-01   7.6950770e-01   8.9948968e-01   9.5257803e-01   1.0310027e+00
   3.7587797e-01   5.0200783e-01   7.7203401e-01   8.9303442e-01   9.5158515e-01   1.0308342e+00
   3.7761698e-01   5.0249338e-01   7.6979981e-01   8.9228618e-01   9.5204527e-01   1.0309869e+00
   3.7676538e-01   5.0219798e-01   7.7143073e-01   8.9008217e-01   9.5123386e-01   1.0293917e+00
   3.7664572e-01   5.0109255e-01   7.7072682e-01   0.0000000e+00   9.4854605e-01   1.0303129e+00
   3.7527490e-01   5.0228538e-01   7.6681686e-01   0.0000000e+00   9.4977487e-01   1.0293593e+00
   3.7658866e-01   5.0183477e-01   7.6711728e-01   8.9013354e-01   9.4937391e-01   1.0318319e+00
   3.7640215e-01   5.0141215e-01   7.6944879e-01   8.8622228e-01   9.5124961e-01   1.0296189e+00
   3.7619615e-01   5.0179715e-01   7.6565969e-01   8.8560941e-01   9.5361367e-01   1.0306972e+00
   3.7505720e-01   5.0140776e-01   7.6765111e-01   8.9560298e-01   9.5237554e-01   1.0292415e+00
   3.7616840e-01   5.0171784e-01   7.6816362e-01   8.9329022e-01   9.5069075e-01   1.0309207e+00
   3.7755017e-01   5.0234624e-01   7.6626418e-01   8.9508824e-01   9.5031271e-01   1.0322759e+00
   3.7585356e-01   5.0045580e-01   7.6734848e-01   8.9080076e-01   9.5205326e-01   1.0317815e+00
   3.7678029e-01   5.0134111e-01   7.6936611e-01   8.9237877e-01   9.5307408e-01   1.0293140e+00
   3.7799233e-01   5.0184112e-01   7.6794439e-01   8.9273375e-01   9.5391027e-01   1.0323753e+00
   3.7744744e-01   5.0280582e-01   7.7148003e-01   8.9569194e-01   9.5099341e-01   1.0313715e+00
   3.7779490e-01   5.0330582e-01   7.7246573e-01   8.9409627e-01   9.5397291e-01   1.0324747e+00
   3.7740869e-01   5.0273680e-01   7.7018972e-01   8.9854140e-01   9.5534446e-01   1.0334470e+00
   3.7580215e-01   5.0249715e-01   7.7026648e-01   8.9656873e-01   9.5274162e-01   1.0322081e+00
   3.7720435e-01   5.0328766e-01   7.7289414e-01   8.9500346e-01   9.5423725e-01   1.0318293e+00
   3.7868211e-01   5.0333260e-01   7.7395419e-01   8.9699457e-01   9.5577568e-01   1.0334513e+00
   3.7719626e-01   5.0299752e-01   7.7116776e-01   0.0000000e+00   9.5299179e-01   1.0323798e+00
   3.7806750e-01   5.0172359e-01   7.7432615e-01   0.0000000e+00   9.5283383e-01   1.0340988e+00
   3.7677220e-01   5.0250412e-01   7.7030340e-01   8.9847073e-01   9.5321432e-01   1.0326461e+00
   3.7645656e-01   5.0199441e-01   7.6917930e-01   8.9555901e-01   9.5335766e-01   1.0320785e+00
   3.7720324e-01   5.0264511e-01   7.7134451e-01   8.9889066e-01   9.5266323e-01   1.0314103e+00
   3.7728690e-01   5.0169086e-01   7.7056653e-01   0.0000000e+00   9.5449476e-01   1.0328589e+00
   3.7617628e-01   5.0146795e-01   7.6920336e-01   0.0000000e+00   9.4952191e-01   1.0326298e+00
   3.7751769e-01   5.0287892e-01   7.6993425e-01   0.0000000e+00   9.5253421e-01   1.0307704e+00
   3.7637721e-01   5.0209932e-01   7.6828152e-01   8.9997700e-01   9.5092757e-01   1.0303746e+00
   3.7699315e-01   5.0190869e-01   7.6734216e-01   8.9106308e-01   9.5338860e-01   1.0308217e+00
   3.7676955e-01   5.0253630e-01   7.6688951e-01   8.9534370e-01   9.5146557e-01   1.0313650e+00
   3.7804926e-01   5.0225669e-01   7.7087871e-01   8.9501633e-01   9.5211932e-01   1.0320754e+00
   3.7749825e-01   5.0266344e-01   7.7129217e-01   8.9502314e-01   9.5366031e-01   1.0326562e+00
   3.7861926e-01   5.0329671e-01   7.6643828e-01   0.0000000e+00   9.5462106e-01   1.0326253e+00
   3.7887713e-01   5.0355102e-01   7.7270963e-01   8.9733468e-01   9.5615948e-01   1.0339624e+00
   3.7691918e-01   5.0301633e-01   7.6941373e-01   8.9722929e-01   9.5448905e-01   1.0324336e+00
   3.7761124e-01   5.0283460e-01   7.7056484e-01   8.9951372e-01   9.5302317e-01   1.0326407e+00
   3.7767444e-01   5.0293357e-01   7.7000523e-01   8.9721405e-01   9.5262446e-01   1.0308634e+00
   3.7745091e-01   5.0327149e-01   7.7317097e-01   8.9007925e-01   9.5434442e-01   1.0332715e+00
   3.7762695e-01   5.0348803e-01   7.7209022e-01   8.9628364e-01   9.5778568e-01   1.0340264e+00
   3.7826020e-01   5.0325844e-01   7.6994551e-01   0.0000000e+00   9.5330464e-01   1.0330257e+00
   3.7712959e-01   5.0294614e-01   7.7041963e-01   0.0000000e+00   9.5389452e-01   1.0326016e+00
   3.7799841e-01   5.0288330e-01   7.7203719e-01   8.9819199e-01   9.5280315e-01   1.0334142e+00
   3.7605433e-01   5.0091094e-01   7.7041664e-01   8.9617325e-01   9.5238087e-01   1.0312667e+00
   3.7789143e-01   5.0235272e-01   7.7022596e-01   8.9444499e-01   9.5389913e-01   1.0310761e+00
   3.7704334e-01   5.0231561e-01   7.7099409e-01   8.9397471e-01   9.5406188e-01   1.0332201e+00
   3.7806968e-01   5.0309151e-01   7.7028820e-01   8.9645702e-01   9.5460850e-01   1.0335864e+00
   3.7734637e-01   5.0323266e-01   7.7180258e-01   8.9904508e-01   9.5252536e-01   1.0331666e+00
   3.7632432e-01   5.0222060e-01   7.7279096e-01   8.9347076e-01   9.5266099e-01   1.0317372e+00
   3.7700011e-01   5.0258869e-01   7.6966727e-01   8.9762308e-01   9.5362763e-01   1.0317548e+00
   3.7678017e-01   5.0215290e-01   7.7203169e-01   8.9157696e-01   9.5250119e-01   1.0319810e+00
   3.7701606e-01   5.0264895e-01   7.7055871e-01   8.9988672e-01   9.4996765e-01   1.0310514e+00
   3.7687961e-01   5.0224071e-01   7.6845320e-01   8.9255020e-01   9.5149125e-01   1.0320159e+00
   3.7694949e-01   5.0223735e-01   7.6846148e-01   8.9528215e-01   9.5319965e-01   1.0295545e+00
   3.7808670e-01   5.0190323e-01   7.7079167e-01   8.9549538e-01   9.4981928e-01   1.0323996e+00
   3.7728111e-01   5.0257634e-01   7.6837069e-01   8.8875211e-01   9.5049906e-01   1.0312090e+00
   3.7694158e-01   5.0240872e-01   7.7226904e-01   0.0000000e+00   9.4958482e-01   1.0314529e+00
   3.7658148e-01   5.0232925e-01   7.7000370e-01   8.9328959e-01   9.5368151e-01   1.0305909e+00
   3.7702188e-01   5.0227890e-01   7.7152712e-01   8.9463857e-01   9.5316946e-01   1.0307640e+00
   3.7661955e-01   5.0169973e-01   7.6634933e-01   8.9778417e-01   9.5510222e-01   1.0327705e+00
   3.7517098e-01   5.0235780e-01   7.7011394e-01   8.9634023e-01   9.5116804e-01   1.0307799e+00
   3.7732750e-01   5.0238576e-01   7.7108117e-01   8.9685167e-01   9.5517549e-01   1.0312691e+00
   3.7739269e-01   5.0226999e-01   7.7029606e-01   0.0000000e+00   9.5469771e-01   1.0335425e+00
   3.7724999e-01   5.0288348e-01   7.6908238e-01   8.9973549e-01   9.5509632e-01   1.0321153e+00
   3.7787746e-01   5.0288969e-01   7.7016882e-01   8.9423994e-01   9.5591216e-01   1.0332782e+00
   3.7754586e-01   5.0185221e-01   7.7219830e-01   8.9541755e-01   9.5687087e-01   1.0316883e+00
   3.7861905e-01   5.0299509e-01   7.7107726e-01   8.9764140e-01   9.5365429e-01   1.0340069e+00
   3.7827409e-01   5.0395145e-01   7.7111397e-01   8.9837872e-01   9.5459400e-01   1.0323436e+00
   3.7789661e-01   5.0246750e-01   7.7317322e-01   8.9939999e-01   9.5424807e-01   1.0327373e+00
   3.7729924e-01   5.0126409e-01   7.7272193e-01   8.9526654e-01   9.5223469e-01   1.0321498e+00
   3.7716857e-01   5.0241110e-01   7.7154030e-01   8.9771388e-01   9.5088957e-01   1.0316484e+00
   3.7697464e-01   5.0171148e-01   7.7088338e-01   0.0000000e+00   9.5241898e-01   1.0321346e+00
   3.7734124e-01   5.0279792e-01   7.6919633e-01   8.9823031e-01   9.5382209e-01   1.0307231e+00
   3.7724532e-01   5.0190421e-01   7.6954994e-01   8.9664360e-01   9.5516838e-01   1.0336789e+00
   3.7779500e-01   5.0307008e-01   7.7185800e-01   8.9847405e-01   9.5476106e-01   1.0339810e+00
   3.7727985e-01   5.0314328e-01   7.6926031e-01   0.0000000e+00   9.5481797e-01   1.0319463e+00
   3.7770386e-01   5.0229250e-01   7.7252044e-01   0.0000000e+00   9.5474446e-01   1.0310173e+00
   3.7796852e-01   5.0320121e-01   7.7106319e-01   8.9509778e-01   9.5053009e-01   1.0347258e+00
   3.7770513e-01   5.0317151e-01   7.6954942e-01   0.0000000e+00   9.5390684e-01   1.0325569e+00
   3.7831631e-01   5.0389467e-01   7.7326276e-01   8.9911795e-01   9.5523210e-01   1.0325495e+00
   3.7713343e-01   5.0322006e-01   7.6968493e-01   8.9696593e-01   9.5385916e-01   1.0332113e+00
   3.7904488e-01   5.0353312e-01   7.7328138e-01   0.0000000e+00   9.5891013e-01   1.0336930e+00
   3.7788545e-01   5.0353741e-01   7.7259514e-01   0.0000000e+00   9.5620875e-01   1.0332797e+00
   3.7840665e-01   5.0262025e-01   7.7333727e-01   8.9691507e-01   9.5658074e-01   1.0346053e+00
   3.7676995e-01   5.0340971e-01   7.7403480e-01   8.9493190e-01   9.5293224e-01   1.0320361e+00
   3.7887803e-01   5.0327875e-01   7.7013841e-01   8.9650175e-01   9.5256338e-01   1.0343528e+00
   3.7837319e-01   5.0351206e-01   7.7294087e-01   8.9848486e-01   9.5558496e-01   1.0343780e+00
   3.7764169e-01   5.0313588e-01   7.7388520e-01   8.9565494e-01   9.5548234e-01   1.0331484e+00
   3.7842756e-01   5.0276948e-01   7.7366504e-01   0.0000000e+00   9.5492236e-01   1.0325318e+00
   3.7942535e-01   5.0266464e-01   7.7409196e-01   0.0000000e+00   9.5535807e-01   1.0343955e+00
   3.7789817e-01   5.0287256e-01   7.7388839e-01   8.9771272e-01   9.5314171e-01   1.0310439e+00
   3.7732887e-01   5.0285819e-01   7.7296133e-01   8.9320855e-01   9.5530643e-01   1.0315301e+00
   3.7690748e-01   5.0279380e-01   7.7021139e-01   8.8999594e-01   9.5557256e-01   1.0330798e+00
   3.7797702e-01   5.0297348e-01   7.7420483e-01   8.9720568e-01   9.5455267e-01   1.0322330e+00
   3.7872607e-01   5.0429305e-01   7.7674602e-01   8.9835938e-01   9.5482764e-01   1.0338262e+00
   3.7797180e-01   5.0375004e-01   7.7164591e-01   8.9478958e-01   9.5600947e-01   1.0349946e+00
   3.7782929e-01   5.0265810e-01   7.7306386e-01   8.9401517e-01   9.5513941e-01   1.0332070e+00
   3.7758105e-01   5.0353065e-01   7.7056673e-01   0.0000000e+00   9.5521897e-01   1.0315839e+00
   3.7706155e-01   5.0245051e-01   7.7060535e-01   8.9737241e-01   9.5331668e-01   1.0298756e+00
   3.7813488e-01   5.0225350e-01   7.6921751e-01   8.9775482e-01   9.5178998e-01   1.0317696e+00
   3.7317102e-01   5.0267693e-01   7.7026870e-01   8.9737560e-01   9.5497033e-01   1.0312815e+00
   3.7640292e-01   5.0263506e-01   7.7017323e-01   8.9827555e-01   9.4882423e-01   1.0320189e+00
   3.7665723e-01   5.0195570e-01   7.6986745e-01   8.9190274e-01   9.5412487e-01   1.0289286e+00
   3.7734994e-01   5.0207767e-01   7.6928437e-01   8.9480152e-01   9.5311776e-01   1.0322194e+00
   3.7735139e-01   5.0134149e-01   7.7055012e-01   0.0000000e+00   9.4980060e-01   1.0316468e+00
   3.7569469e-01   5.0141780e-01   7.6917855e-01   8.9063436e-01   9.5502814e-01   1.0314102e+00
   3.7700868e-01   5.0203327e-01   7.7075156e-01   8.9935416e-01   9.5786667e-01   1.0319172e+00
   3.7751609e-01   5.0236607e-01   7.7377314e-01   8.9776549e-01   9.5544563e-01   1.0338107e+00
   3.7665470e-01   5.0178661e-01   7.7043421e-01   8.9837581e-01   9.5332305e-01   1.0324295e+00
   3.7732606e-01   5.0271294e-01   7.7363788e-01   0.0000000e+00   9.5611921e-01   1.0342332e+00
   3.7739129e-01   5.0230709e-01   7.7156640e-01   0.0000000e+00   9.5502256e-01   1.0354091e+00
   3.7826254e-01   5.0277447e-01   7.7292746e-01   0.0000000e+00   9.5325060e-01   1.0334223e+00
   3.7817257e-01   5.0347575e-01   7.7299892e-01   8.9791267e-01   9.5475075e-01   1.0345568e+00
   3.7833114e-01   5.0283360e-01   7.7201991e-01   0.0000000e+00   9.5721739e-01   1.0361438e+00
   3.7893542e-01   5.0321338e-01   7.7222211e-01   0.0000000e+00   9.5639412e-01   1.0355754e+00
   3.7832920e-01   5.0403578e-01   7.7314323e-01   8.9955170e-01   9.5631087e-01   1.0333412e+00
   3.7794604e-01   5.0285400e-01   7.7456408e-01   0.0000000e+00   9.5628958e-01   1.0341958e+00
   3.7737605e-01   5.0262265e-01   7.7233802e-01   0.0000000e+00   9.5604100e-01   1.0340622e+00
   3.7775485e-01   5.0323441e-01   7.7361730e-01   0.0000000e+00   9.5631293e-01   1.0341391e+00
   3.7674880e-01   5.0322061e-01   7.7111901e-01   0.0000000e+00   9.5743384e-01   1.0352432e+00
   3.7867441e-01   5.0336545e-01   7.7446573e-01   0.0000000e+00   9.5846928e-01   1.0360255e+00
   3.7841666e-01   5.0350315e-01   7.7062539e-01   8.9984762e-01   9.5869970e-01   1.0347948e+00
   3.7871122e-01   5.0393877e-01   7.7180990e-01   0.0000000e+00   9.5393380e-01   1.0346052e+00
   3.7778597e-01   5.0318649e-01   7.7416989e-01   0.0000000e+00   9.5444302e-01   1.0333016e+00
   3.7884369e-01   5.0378090e-01   7.7325123e-01   0.0000000e+00   9.5525000e-01   1.0361752e+00
   3.7808400e-01   5.0381231e-01   7.7439723e-01   0.0000000e+00   9.5657823e-01   1.0348865e+00
   3.7840015e-01   5.0382054e-01   7.7195066e-01   0.0000000e+00   9.5440896e-01   1.0341513e+00
   3.7851307e-01   5.0278557e-01   7.7013259e-01   0.0000000e+00   9.5525957e-01   1.0312793e+00
   3.7877335e-01   5.0387666e-01   7.7268759e-01   0.0000000e+00   9.5482818e-01   1.0355162e+00
   3.7882500e-01   5.0368760e-01   7.7162588e-01   0.0000000e+00   9.5643600e-01   1.0323615e+00
   3.7887717e-01   5.0389574e-01   7.7179277e-01   0.0000000e+00   9.5552801e-01   1.0354511e+00
   3.7806806e-01   5.0354416e-01   7.7568523e-01   0.0000000e+00   9.5805123e-01   1.0347437e+00
   3.7873523e-01   5.0342243e-01   7.7022729e-01   8.9457415e-01   9.5505552e-01   1.0339065e+00
   3.7960144e-01   5.0202599e-01   7.7191470e-01   8.9828741e-01   9.5588271e-01   1.0336844e+00
   3.7768553e-01   5.0339361e-01   7.7048273e-01   8.9847292e-01   9.5408305e-01   1.0323744e+00
   3.7872908e-01   5.0225093e-01   7.7236548e-01   8.9844321e-01   9.5455514e-01   1.0314979e+00
   3.7727497e-01   5.0339004e-01   7.6740023e-01   0.0000000e+00   9.5469102e-01   1.0344714e+00
   3.7831932e-01   5.0302481e-01   7.7322775e-01   0.0000000e+00   9.5441216e-01   1.0323416e+00
   3.7814010e-01   5.0193710e-01   7.7309252e-01   8.9896029e-01   9.5440904e-01   1.0330033e+00
   3.7693510e-01   5.0245246e-01   7.7539037e-01   8.9758383e-01   9.5591117e-01   1.0317631e+00
   3.7700033e-01   5.0244327e-01   7.7334244e-01   0.0000000e+00   9.5525905e-01   1.0343290e+00
   3.7771177e-01   5.0256982e-01   7.7325996e-01   8.9701802e-01   9.5453037e-01   1.0341053e+00
   3.7594011e-01   5.0259930e-01   7.7187055e-01   8.9728589e-01   9.5295199e-01   1.0332405e+00
   3.7782740e-01   5.0403409e-01   7.7433387e-01   0.0000000e+00   9.5627719e-01   1.0334707e+00
   3.7839376e-01   5.0396696e-01   7.7288393e-01   0.0000000e+00   9.5647407e-01   1.0333758e+00
   3.7886459e-01   5.0348670e-01   7.7619160e-01   8.9709016e-01   9.5667114e-01   1.0333700e+00
   3.7827301e-01   5.0375122e-01   7.7185100e-01   8.9683356e-01   9.5661845e-01   1.0346509e+00
   3.7750593e-01   5.0317003e-01   7.7287006e-01   0.0000000e+00   9.5552314e-01   1.0343367e+00
   3.7810915e-01   5.0365866e-01   7.7327076e-01   8.9182992e-01   9.5695500e-01   1.0328796e+00
   3.7773736e-01   5.0390795e-01   7.7273295e-01   8.9971188e-01   9.5295188e-01   1.0350445e+00
   3.7743673e-01   5.0342915e-01   7.7214088e-01   8.9459538e-01   9.5618312e-01   1.0347083e+00
   3.7839544e-01   5.0360936e-01   7.7342634e-01   8.8948246e-01   9.5494504e-01   1.0350416e+00
   3.7895880e-01   5.0383392e-01   7.7354450e-01   8.9862158e-01   9.5602703e-01   1.0353011e+00
   3.7842009e-01   5.0435678e-01   7.7441118e-01   0.0000000e+00   9.5692159e-01   1.0358333e+00
