   3.7958299e-01   5.0436033e-01   7.7192329e-01   0.0000000e+00   9.5954699e-01   1.0368768e+00
   3.7875371e-01   5.0362191e-01   7.7582212e-01   0.0000000e+00   9.5720617e-01   1.0364314e+00
   3.7864889e-01   5.0362430e-01   7.7178836e-01   0.0000000e+00   9.5740988e-01   1.0365165e+00
   3.7874414e-01   5.0355021e-01   7.7427370e-01   0.0000000e+00   9.5704844e-01   1.0350786e+00
   3.7749932e-01   5.0373524e-01   7.7255919e-01   0.0000000e+00   9.5821906e-01   1.0363483e+00
   3.7850104e-01   5.0482666e-01   7.7519739e-01   0.0000000e+00   9.5583560e-01   1.0361853e+00
   3.7937485e-01   5.0390658e-01   7.7256726e-01   0.0000000e+00   9.6108770e-01   1.0367525e+00
   3.7924525e-01   5.0474185e-01   7.7468305e-01   0.0000000e+00   9.5711674e-01   1.0367597e+00
   3.7970094e-01   5.0502653e-01   7.7780379e-01   0.0000000e+00   9.5873443e-01   1.0350688e+00
   3.7888583e-01   5.0409498e-01   7.7196064e-01   0.0000000e+00   9.5898361e-01   1.0373560e+00
   3.7858542e-01   5.0460201e-01   7.7548040e-01   0.0000000e+00   9.5852557e-01   1.0368435e+00
   3.7848168e-01   5.0573788e-01   7.7438540e-01   0.0000000e+00   9.5811509e-01   1.0361030e+00
   3.7856080e-01   5.0446611e-01   7.7420738e-01   0.0000000e+00   9.6222747e-01   1.0361298e+00
   3.7895283e-01   5.0360808e-01   7.7228762e-01   0.0000000e+00   9.5971116e-01   1.0380368e+00
   3.7987320e-01   5.0471861e-01   7.7322816e-01   0.0000000e+00   9.5783538e-01   1.0350112e+00
   3.7849544e-01   5.0408947e-01   7.7101699e-01   0.0000000e+00   9.5784670e-01   1.0372856e+00
   3.7966045e-01   5.0444795e-01   7.7304103e-01   0.0000000e+00   9.5470971e-01   1.0345659e+00
   3.7852400e-01   5.0383383e-01   7.7176046e-01   0.0000000e+00   9.5653531e-01   1.0332119e+00
   3.7816240e-01   5.0289836e-01   7.7172032e-01   0.0000000e+00   9.5579760e-01   1.0337893e+00
   3.7808014e-01   5.0318885e-01   7.7211851e-01   0.0000000e+00   9.5399691e-01   1.0335365e+00
   3.7860838e-01   5.0335498e-01   7.7086415e-01   0.0000000e+00   9.5568187e-01   1.0339348e+00
   3.7849756e-01   5.0342696e-01   7.7411462e-01   0.0000000e+00   0.0000000e+00   1.0342685e+00
   3.7831293e-01   5.0281034e-01   7.7165934e-01   8.9909610e-01   9.5540544e-01   1.0336855e+00
   3.7809432e-01   5.0277462e-01   7.7479231e-01   0.0000000e+00   9.5409403e-01   1.0332071e+00
   3.7753515e-01   5.0294669e-01   7.6968887e-01   0.0000000e+00   9.5541264e-01   1.0314035e+00
   3.7801563e-01   5.0322546e-01   7.7203725e-01   0.0000000e+00   9.5474539e-01   1.0315408e+00
   3.7749473e-01   5.0262817e-01   7.6880035e-01   8.9838303e-01   9.5474900e-01   1.0315807e+00
   3.7699327e-01   5.0197201e-01   7.6946838e-01   8.9736421e-01   9.5292988e-01   1.0324941e+00
   3.7830911e-01   5.0245927e-01   7.6948404e-01   0.0000000e+00   9.5546754e-01   1.0330975e+00
   3.7758893e-01   5.0291942e-01   7.7024037e-01   0.0000000e+00   9.5263910e-01   1.0329040e+00
   3.7568213e-01   5.0270190e-01   7.7327041e-01   8.9821973e-01   9.5234471e-01   1.0313538e+00
   3.7738638e-01   5.0270224e-01   7.7000485e-01   0.0000000e+00   9.5557459e-01   1.0336671e+00
   3.7794995e-01   5.0221546e-01   7.6651882e-01   8.9838723e-01   9.5448699e-01   1.0345177e+00
   3.7698414e-01   5.0313237e-01   7.6795241e-01   0.0000000e+00   9.4858092e-01   1.0315173e+00
   3.7683454e-01   5.0255156e-01   7.7181383e-01   8.9639738e-01   9.5292025e-01   1.0302833e+00
   3.7695478e-01   5.0270396e-01   7.7013311e-01   0.0000000e+00   9.5307148e-01   1.0303683e+00
   3.7914004e-01   5.0179863e-01   7.7044085e-01   8.9608790e-01   9.5429090e-01   1.0336587e+00
   3.7677375e-01   5.0288372e-01   7.7098368e-01   8.9543710e-01   9.5460564e-01   1.0326102e+00
   3.7696255e-01   5.0238966e-01   7.6994834e-01   8.9438896e-01   9.5138723e-01   1.0327254e+00
   3.7832996e-01   5.0299691e-01   7.7083800e-01   8.9413354e-01   9.5265349e-01   1.0320685e+00
   3.7764647e-01   5.0236378e-01   7.7127125e-01   8.9494275e-01   9.5360962e-01   1.0323661e+00
   3.7823163e-01   5.0366207e-01   7.7007305e-01   0.0000000e+00   9.5285122e-01   1.0328866e+00
   3.7903032e-01   5.0293171e-01   7.7195731e-01   0.0000000e+00   9.5401328e-01   1.0355927e+00
   3.7747241e-01   5.0272024e-01   7.7324172e-01   8.9795695e-01   9.5628236e-01   1.0342822e+00
   3.7721425e-01   5.0385832e-01   7.7086359e-01   0.0000000e+00   9.5564356e-01   1.0336782e+00
   3.7739593e-01   5.0337237e-01   7.7171313e-01   0.0000000e+00   9.5379823e-01   1.0338729e+00
   4.2969883e-01   5.0353641e-01   7.7515629e-01   0.0000000e+00   9.5648132e-01   1.0330113e+00
   3.7847038e-01   5.0346599e-01   7.7264439e-01   0.0000000e+00   9.5784786e-01   1.0326030e+00
   3.7770295e-01   5.0327805e-01   7.7389528e-01   8.9228157e-01   9.5553466e-01   1.0347942e+00
   3.7780145e-01   5.0436579e-01   7.7267612e-01   0.0000000e+00   9.5619508e-01   1.0359035e+00
   3.7866604e-01   5.0324853e-01   7.7641640e-01   8.8694810e-01   9.5529315e-01   1.0343620e+00
   3.7821910e-01   5.0361750e-01   7.7160641e-01   0.0000000e+00   9.5762996e-01   1.0365157e+00
   3.7957168e-01   5.0443632e-01   0.0000000e+00   0.0000000e+00   9.5961188e-01   1.0366307e+00
   3.7844688e-01   5.0398176e-01   7.7246805e-01   8.7545610e-01   9.5855369e-01   1.0374592e+00
   3.7921198e-01   5.0415341e-01   7.7602346e-01   0.0000000e+00   9.5729319e-01   1.0366875e+00
   3.7790042e-01   5.0365804e-01   7.7505990e-01   0.0000000e+00   9.5615224e-01   1.0364107e+00
   3.7854855e-01   5.0395918e-01   7.7531590e-01   8.7696416e-01   9.6020501e-01   1.0355110e+00
   3.7585541e-01   5.0379590e-01   7.7663850e-01   0.0000000e+00   9.6032825e-01   1.0368582e+00
   3.7884560e-01   5.0458800e-01   7.7626412e-01   8.8875254e-01   9.6006296e-01   1.0370001e+00
   3.7985842e-01   5.0406154e-01   7.7587129e-01   0.0000000e+00   9.5774785e-01   1.0353043e+00
   3.7946442e-01   5.0388513e-01   7.7412226e-01   0.0000000e+00   9.5628004e-01   1.0351188e+00
   3.7873221e-01   5.0414028e-01   7.7298181e-01   0.0000000e+00   9.6044963e-01   1.0350108e+00
   3.7911829e-01   5.0370091e-01   7.7463809e-01   0.0000000e+00   9.5614226e-01   1.0363913e+00
   3.7955526e-01   5.0389147e-01   7.7800007e-01   0.0000000e+00   9.5724367e-01   1.0361227e+00
   3.7886073e-01   5.0434640e-01   7.7894732e-01   0.0000000e+00   9.5535797e-01   1.0358794e+00
   4.2683126e-01   5.0342350e-01   7.7791813e-01   0.0000000e+00   9.5709376e-01   1.0348398e+00
   3.7842241e-01   5.0367685e-01   7.7408412e-01   0.0000000e+00   9.5455132e-01   1.0351563e+00
   3.7742783e-01   5.0277486e-01   7.7329282e-01   0.0000000e+00   9.5794780e-01   1.0352825e+00
   3.7805628e-01   5.0404837e-01   7.7083408e-01   0.0000000e+00   9.5417140e-01   1.0369503e+00
   3.7904773e-01   5.0334556e-01   0.0000000e+00   0.0000000e+00   9.5805032e-01   1.0348326e+00
   3.7844274e-01   5.0392829e-01   7.7471006e-01   8.8036256e-01   9.5620122e-01   1.0327171e+00
   3.7756155e-01   5.0308762e-01   7.7518608e-01   0.0000000e+00   9.5587555e-01   1.0343755e+00
   3.7906878e-01   5.0349613e-01   7.7320629e-01   0.0000000e+00   9.5710782e-01   1.0338340e+00
   3.7906217e-01   5.0318788e-01   7.7917817e-01   0.0000000e+00   9.5541270e-01   1.0348321e+00
   3.7785054e-01   5.0411892e-01   7.7597035e-01   0.0000000e+00   9.5787043e-01   1.0346476e+00
   3.7877163e-01   5.0265940e-01   7.7080825e-01   0.0000000e+00   9.5619582e-01   1.0324403e+00
   3.6841078e-01   5.0349002e-01   7.7159643e-01   0.0000000e+00   9.5361996e-01   1.0341307e+00
   3.7867162e-01   5.0364153e-01   7.7385267e-01   0.0000000e+00   9.5509422e-01   1.0320145e+00
   3.7745370e-01   5.0128493e-01   7.6864180e-01   0.0000000e+00   9.5319659e-01   1.0332120e+00
   3.7895687e-01   5.0272416e-01   7.7325183e-01   0.0000000e+00   9.5807702e-01   1.0337331e+00
   3.7823015e-01   5.0323934e-01   7.7310974e-01   0.0000000e+00   9.5335278e-01   1.0320324e+00
   3.7793323e-01   5.0270303e-01   0.0000000e+00   0.0000000e+00   9.5520617e-01   1.0313517e+00
   3.7853680e-01   5.0250061e-01   7.6939688e-01   0.0000000e+00   9.5635384e-01   1.0332097e+00
   3.7815365e-01   5.0341238e-01   7.7489257e-01   0.0000000e+00   9.5677075e-01   1.0327026e+00
   3.7779613e-01   5.0252270e-01   7.7224436e-01   0.0000000e+00   9.5560299e-01   1.0351722e+00
   3.7869631e-01   5.0387438e-01   7.7492192e-01   0.0000000e+00   9.5562579e-01   1.0334134e+00
   3.7963254e-01   5.0288535e-01   7.7579593e-01   0.0000000e+00   9.5543890e-01   1.0343195e+00
   3.7787325e-01   5.0264863e-01   7.7660777e-01   0.0000000e+00   9.5271221e-01   1.0342425e+00
   3.7759663e-01   5.0366880e-01   7.7094266e-01   0.0000000e+00   9.5563219e-01   1.0331073e+00
   3.7860576e-01   5.0275768e-01   7.7573926e-01   0.0000000e+00   9.5612168e-01   1.0336518e+00
   3.7835440e-01   5.0366737e-01   7.7241362e-01   8.9784696e-01   9.5565284e-01   1.0329923e+00
   3.7819220e-01   5.0295239e-01   7.7099536e-01   8.9604454e-01   9.5555313e-01   1.0326354e+00
   3.7766638e-01   5.0407849e-01   7.7397109e-01   8.9372407e-01   9.5658158e-01   1.0336853e+00
   3.7880396e-01   5.0336058e-01   7.7594443e-01   0.0000000e+00   9.5578289e-01   1.0334489e+00
   3.7785563e-01   5.0351326e-01   7.7366090e-01   0.0000000e+00   9.5676160e-01   1.0326874e+00
   3.7886012e-01   5.0281275e-01   7.7330707e-01   0.0000000e+00   9.5619878e-01   1.0349296e+00
   3.7832947e-01   5.0379526e-01   7.7526596e-01   0.0000000e+00   9.6031805e-01   1.0345458e+00
   3.7778196e-01   5.0379732e-01   7.7405380e-01   8.8965117e-01   9.5676028e-01   1.0368127e+00
   3.7900381e-01   5.0344101e-01   7.7427132e-01   0.0000000e+00   9.5729039e-01   1.0360586e+00
   3.7906552e-01   5.0368385e-01   7.7669774e-01   0.0000000e+00   9.5757434e-01   1.0349485e+00
   3.7795165e-01   5.0442888e-01   0.0000000e+00   0.0000000e+00   9.5365585e-01   1.0356677e+00
   3.7939583e-01   5.0443955e-01   7.7820544e-01   0.0000000e+00   9.5669126e-01   1.0371056e+00
   3.7844203e-01   5.0364094e-01   7.7817008e-01   0.0000000e+00   9.5568657e-01   1.0369900e+00
   3.7883855e-01   5.0425612e-01   7.7478547e-01   0.0000000e+00   9.5889514e-01   1.0372481e+00
   3.7917505e-01   5.0489540e-01   7.7852494e-01   0.0000000e+00   9.5702919e-01   1.0366286e+00
   3.7922165e-01   5.0468852e-01   7.7812044e-01   0.0000000e+00   9.5734924e-01   1.0363698e+00
   3.7795782e-01   5.0459849e-01   7.7618092e-01   8.7964185e-01   9.5737269e-01   1.0378319e+00
   3.7866699e-01   5.0449586e-01   7.9419972e-01   0.0000000e+00   9.4706877e-01   1.0376854e+00
   3.7917137e-01   5.0446331e-01   7.7966971e-01   8.9839249e-01   9.5955697e-01   1.0361865e+00
   3.7929529e-01   5.0453573e-01   7.7347344e-01   8.9107022e-01   9.5727118e-01   1.0371486e+00
   3.7956797e-01   5.0556359e-01   7.7604685e-01   0.0000000e+00   9.5840658e-01   1.0366351e+00
   3.7846207e-01   5.0402765e-01   7.7378846e-01   0.0000000e+00   9.5968249e-01   1.0371767e+00
   3.7904803e-01   5.0396356e-01   7.7741120e-01   0.0000000e+00   9.6080691e-01   1.0372425e+00
   3.7970680e-01   5.0350063e-01   7.7396188e-01   0.0000000e+00   9.5560290e-01   1.0352892e+00
   3.7870780e-01   5.0376354e-01   7.7720251e-01   8.6000034e-01   9.5624668e-01   1.0353572e+00
   4.1542369e-01   5.0381640e-01   7.9329815e-01   0.0000000e+00   9.5569585e-01   1.0338273e+00
   3.7069592e-01   5.0342088e-01   7.7321302e-01   8.7039220e-01   9.5659182e-01   1.0362337e+00
   3.7867301e-01   5.0396676e-01   7.7550811e-01   0.0000000e+00   9.5610045e-01   1.0355256e+00
   4.2002494e-01   5.0463937e-01   7.7273480e-01   0.0000000e+00   9.5588489e-01   1.0362601e+00
   3.7463963e-01   5.0442449e-01   7.7580724e-01   8.6938620e-01   9.5669474e-01   1.0332509e+00
   3.7840745e-01   5.0404378e-01   7.7618067e-01   0.0000000e+00   9.5676405e-01   1.0343109e+00
   3.7875957e-01   5.0367993e-01   7.9558122e-01   0.0000000e+00   9.5489275e-01   1.0328719e+00
   3.7866457e-01   5.0367857e-01   7.7425523e-01   0.0000000e+00   9.5822163e-01   1.0339590e+00
   4.2769563e-01   5.0291321e-01   7.7148100e-01   0.0000000e+00   9.5617240e-01   1.0325075e+00
   3.7831385e-01   5.0417261e-01   7.7348518e-01   0.0000000e+00   9.5761959e-01   1.0316149e+00
   3.7725053e-01   5.0244483e-01   7.7217095e-01   8.7343272e-01   9.5565739e-01   1.0331501e+00
   3.7868513e-01   5.0369818e-01   7.7063230e-01   0.0000000e+00   9.5689979e-01   1.0329614e+00
   3.7348398e-01   5.0300691e-01   7.7274202e-01   0.0000000e+00   9.5684311e-01   1.0327736e+00
   3.7804276e-01   5.0278635e-01   7.7594321e-01   8.7298107e-01   9.5481287e-01   1.0337592e+00
   3.7755703e-01   5.0336026e-01   7.7427941e-01   0.0000000e+00   9.5259970e-01   1.0329412e+00
   3.7838996e-01   5.0348321e-01   7.7098271e-01   0.0000000e+00   9.5694695e-01   1.0329938e+00
   3.7753234e-01   5.0276816e-01   7.7206489e-01   0.0000000e+00   9.5533017e-01   1.0338457e+00
   3.7763729e-01   5.0352166e-01   7.7355645e-01   8.9300482e-01   9.5798331e-01   1.0335509e+00
   3.7865724e-01   5.0393549e-01   7.7451839e-01   8.9674124e-01   9.5670798e-01   1.0350148e+00
   3.7799484e-01   5.0298050e-01   7.7063288e-01   0.0000000e+00   9.5636494e-01   1.0323080e+00
   3.7849007e-01   5.0405762e-01   0.0000000e+00   0.0000000e+00   9.5799459e-01   1.0359923e+00
   3.7816190e-01   5.0330141e-01   7.7477259e-01   0.0000000e+00   9.5444981e-01   1.0336538e+00
   3.7864395e-01   5.0309169e-01   7.8939871e-01   8.7714488e-01   9.5841982e-01   1.0336450e+00
   3.7767229e-01   5.0374308e-01   7.7164369e-01   0.0000000e+00   9.5503843e-01   1.0351336e+00
   3.7795120e-01   5.0325573e-01   7.7312815e-01   0.0000000e+00   9.5575560e-01   1.0331918e+00
   3.7694348e-01   5.0309602e-01   7.7052804e-01   8.9832431e-01   9.5536891e-01   1.0326874e+00
   3.7728924e-01   5.0338951e-01   7.6875486e-01   8.9496443e-01   9.5413752e-01   1.0317625e+00
   3.7755918e-01   5.0183607e-01   7.6937156e-01   8.9772900e-01   9.5219522e-01   1.0329195e+00
   3.7592479e-01   5.0290289e-01   7.7229580e-01   8.9465054e-01   9.5214727e-01   1.0319643e+00
   3.7729415e-01   5.0239835e-01   7.7296242e-01   0.0000000e+00   9.5327356e-01   1.0314819e+00
   3.7758921e-01   5.0258529e-01   7.7205915e-01   8.9153726e-01   9.5479709e-01   1.0329521e+00
   3.7776900e-01   5.0185810e-01   7.7103848e-01   0.0000000e+00   9.5239435e-01   1.0335079e+00
   3.7712985e-01   5.0258177e-01   7.7141776e-01   8.9314617e-01   9.5285619e-01   1.0317367e+00
   3.7762681e-01   5.0341465e-01   7.7298016e-01   8.9687294e-01   9.5323192e-01   1.0321390e+00
   3.7701008e-01   5.0207052e-01   7.6957410e-01   8.9035235e-01   9.5278257e-01   1.0315131e+00
   3.7663277e-01   5.0186899e-01   7.6808184e-01   8.9257369e-01   9.5239945e-01   1.0317735e+00
   3.7718160e-01   5.0160582e-01   7.6782941e-01   0.0000000e+00   9.5007738e-01   1.0313881e+00
   3.7542688e-01   5.0219934e-01   7.6938126e-01   8.9181135e-01   9.5041505e-01   1.0309613e+00
   3.7776926e-01   5.0261448e-01   7.6560570e-01   8.9227098e-01   9.5272323e-01   1.0322658e+00
   3.7747937e-01   5.0220371e-01   7.7122241e-01   0.0000000e+00   9.5012064e-01   1.0322474e+00
   3.7642284e-01   5.0146482e-01   7.7000292e-01   8.9296189e-01   9.5062676e-01   1.0298030e+00
   3.7650308e-01   5.0231616e-01   7.6881016e-01   8.9389940e-01   9.5305131e-01   1.0322236e+00
   3.7757398e-01   5.0229906e-01   7.6774011e-01   8.9300230e-01   9.5217927e-01   1.0323997e+00
   3.7669059e-01   5.0272350e-01   7.6712277e-01   8.8975758e-01   9.5205484e-01   1.0326525e+00
   3.7915266e-01   5.0212304e-01   7.6969718e-01   8.9544416e-01   9.5240696e-01   1.0317588e+00
   3.7699268e-01   5.0197871e-01   7.7023674e-01   8.9125391e-01   9.5234229e-01   1.0352061e+00
   3.7679205e-01   5.0263757e-01   7.7209393e-01   8.9542322e-01   9.5615294e-01   1.0330177e+00
   3.7649399e-01   5.0419815e-01   7.7045018e-01   8.9842828e-01   9.5661814e-01   1.0342421e+00
   3.7789329e-01   5.0296187e-01   7.6990198e-01   0.0000000e+00   9.5472291e-01   1.0349296e+00
   3.7769715e-01   5.0299360e-01   7.6987336e-01   0.0000000e+00   9.5718835e-01   1.0335010e+00
   3.7740423e-01   5.0282944e-01   7.7175471e-01   8.9843196e-01   9.5318559e-01   1.0319997e+00
   3.7707658e-01   5.0207260e-01   7.7057161e-01   8.9180104e-01   9.5440222e-01   1.0332898e+00
   3.7742581e-01   5.0330814e-01   7.6926726e-01   8.9956116e-01   9.5462037e-01   1.0342540e+00
   3.7747495e-01   5.0308129e-01   7.7036807e-01   8.9909606e-01   9.5375014e-01   1.0335156e+00
   3.7716675e-01   5.0408755e-01   7.7069032e-01   8.9892654e-01   9.5340770e-01   1.0329508e+00
   3.7664590e-01   5.0246014e-01   7.6741292e-01   8.9907251e-01   9.5524640e-01   1.0346341e+00
   3.7711334e-01   5.0299385e-01   7.7335246e-01   8.9730551e-01   9.5536238e-01   1.0347360e+00
   3.7803383e-01   5.0332177e-01   7.7110380e-01   8.9464853e-01   9.5516908e-01   1.0335092e+00
   3.7730061e-01   5.0302432e-01   7.7118602e-01   0.0000000e+00   9.5392276e-01   1.0323785e+00
   3.7810384e-01   5.0269791e-01   7.6506883e-01   8.9953449e-01   9.5376639e-01   1.0324937e+00
   3.7819972e-01   5.0347201e-01   7.6878610e-01   8.9962689e-01   9.5555923e-01   1.0332698e+00
   3.7783162e-01   5.0289672e-01   7.6937365e-01   8.9885078e-01   9.5417971e-01   1.0342969e+00
   3.7669257e-01   5.0344544e-01   7.6888719e-01   8.9782928e-01   9.5392387e-01   1.0337740e+00
   3.7780906e-01   5.0305530e-01   7.7200423e-01   8.9810163e-01   9.5277739e-01   1.0341867e+00
   3.7674984e-01   5.0237657e-01   7.6702219e-01   8.9948387e-01   9.5290102e-01   1.0317981e+00
   3.7768286e-01   5.0223489e-01   7.6812951e-01   8.9935788e-01   9.5434444e-01   1.0326954e+00
   3.7755391e-01   5.0310105e-01   7.7292398e-01   0.0000000e+00   9.5317921e-01   1.0320341e+00
   3.7701398e-01   5.0277296e-01   7.7323667e-01   8.9694473e-01   9.5458981e-01   1.0338520e+00
   3.7799096e-01   5.0262605e-01   7.7044483e-01   8.9559613e-01   9.5562176e-01   1.0316368e+00
   3.7770767e-01   5.0277610e-01   7.7229446e-01   8.9516467e-01   9.5424020e-01   1.0326885e+00
   3.7723812e-01   5.0325042e-01   7.6989447e-01   8.9324095e-01   9.5329659e-01   1.0335930e+00
   3.7638284e-01   5.0187591e-01   7.6904562e-01   8.9422887e-01   9.5260520e-01   1.0324582e+00
   3.7692182e-01   5.0317106e-01   7.7160268e-01   8.9361469e-01   9.5332297e-01   1.0321317e+00
   3.7810676e-01   5.0261250e-01   7.7149338e-01   8.9719352e-01   9.5465701e-01   1.0344548e+00
   3.7755433e-01   5.0252186e-01   7.7040468e-01   8.9432615e-01   9.5471491e-01   1.0328044e+00
   3.7720374e-01   5.0265349e-01   7.6967949e-01   0.0000000e+00   9.5346638e-01   1.0331517e+00
   3.7788084e-01   5.0307446e-01   7.7331434e-01   8.9900218e-01   9.5110658e-01   1.0330864e+00
   3.7866602e-01   5.0261983e-01   7.7160971e-01   8.9504765e-01   9.5331265e-01   1.0337893e+00
   3.7800020e-01   5.0343536e-01   7.7347603e-01   0.0000000e+00   9.5465857e-01   1.0341168e+00
   3.7813954e-01   5.0291514e-01   7.7109035e-01   0.0000000e+00   9.5334962e-01   1.0333753e+00
   3.7832215e-01   5.0327728e-01   7.7087042e-01   8.9932486e-01   9.5451285e-01   1.0336826e+00
   3.7717667e-01   5.0258148e-01   7.6889987e-01   8.9345518e-01   9.5251813e-01   1.0313801e+00
   3.7670494e-01   5.0203757e-01   7.6813069e-01   8.9342118e-01   9.5364402e-01   1.0312019e+00
   3.7659056e-01   5.0262377e-01   7.6995114e-01   8.9701259e-01   9.5295696e-01   1.0332376e+00
   3.7791059e-01   5.0302564e-01   7.6759002e-01   8.9235474e-01   9.5330454e-01   1.0320552e+00
   3.7744223e-01   5.0267128e-01   7.6828977e-01   8.9505283e-01   9.5308714e-01   1.0315349e+00
   3.7644886e-01   5.0186928e-01   7.6753158e-01   8.9632191e-01   9.5042993e-01   1.0298755e+00
   3.7754072e-01   5.0275948e-01   7.7086378e-01   8.9342831e-01   9.5234920e-01   1.0320216e+00
   3.7746115e-01   5.0214783e-01   7.6867360e-01   8.8438780e-01   9.5401888e-01   1.0324002e+00
   3.7692853e-01   5.0206953e-01   7.7085727e-01   8.9121811e-01   9.5185875e-01   1.0311994e+00
   3.7606452e-01   5.0265936e-01   7.7052344e-01   0.0000000e+00   9.5284305e-01   1.0321305e+00
   3.7588157e-01   5.0184399e-01   7.6630950e-01   8.9853479e-01   9.5263463e-01   1.0304428e+00
   3.7764971e-01   5.0274769e-01   7.6807288e-01   8.9041921e-01   9.5381700e-01   1.0326309e+00
   3.7757557e-01   5.0288519e-01   7.7137130e-01   0.0000000e+00   9.5238284e-01   1.0335726e+00
   3.7643802e-01   5.0347864e-01   7.7140343e-01   8.9663462e-01   9.5302917e-01   1.0344687e+00
   3.7888429e-01   5.0293938e-01   7.7056174e-01   0.0000000e+00   9.5537422e-01   1.0353616e+00
   3.7693526e-01   5.0313182e-01   7.7161263e-01   8.9744169e-01   9.5597265e-01   1.0343160e+00
   3.7712127e-01   5.0303325e-01   7.7203106e-01   8.9979719e-01   9.5619863e-01   1.0334155e+00
   3.7828476e-01   5.0298723e-01   7.7308129e-01   0.0000000e+00   9.5774256e-01   1.0352879e+00
   3.7831657e-01   5.0454826e-01   7.7153155e-01   0.0000000e+00   9.5364338e-01   1.0367235e+00
   3.7909115e-01   5.0382740e-01   7.7168581e-01   0.0000000e+00   9.5689071e-01   1.0347351e+00
   3.7858119e-01   5.0391004e-01   7.7006093e-01   0.0000000e+00   9.5707921e-01   1.0336920e+00
   3.7821956e-01   5.0319498e-01   7.7051856e-01   8.9918063e-01   9.5474018e-01   1.0350702e+00
   3.7854194e-01   5.0352695e-01   7.7029505e-01   0.0000000e+00   9.5564866e-01   1.0344401e+00
   3.7731417e-01   5.0379875e-01   7.7008344e-01   8.9784618e-01   9.5620156e-01   1.0351267e+00
   3.7789067e-01   5.0396749e-01   7.7044894e-01   0.0000000e+00   9.5457375e-01   1.0343970e+00
   3.7870808e-01   5.0285735e-01   7.7251813e-01   0.0000000e+00   9.5489764e-01   1.0370515e+00
   3.7845210e-01   5.0376169e-01   7.7077163e-01   0.0000000e+00   9.5559040e-01   1.0357033e+00
   3.7841217e-01   5.0446292e-01   7.6991016e-01   0.0000000e+00   9.5623850e-01   1.0350887e+00
   3.7808951e-01   5.0445432e-01   7.7186146e-01   0.0000000e+00   9.5433165e-01   1.0347257e+00
   3.7765008e-01   5.0351133e-01   7.7031406e-01   8.9952219e-01   9.5540947e-01   1.0333646e+00
   3.7812449e-01   5.0368652e-01   7.7065305e-01   8.9507110e-01   9.5576464e-01   1.0330355e+00
   3.7790565e-01   5.0348652e-01   7.6988073e-01   0.0000000e+00   9.5310490e-01   1.0323906e+00
   3.7861187e-01   5.0411389e-01   7.7293550e-01   0.0000000e+00   9.5610833e-01   1.0329304e+00
   3.7858581e-01   5.0374119e-01   7.7314962e-01   8.9607326e-01   9.5309927e-01   1.0354784e+00
   3.7916439e-01   5.0319559e-01   7.7273816e-01   0.0000000e+00   9.5434137e-01   1.0337918e+00
   3.7729184e-01   5.0320252e-01   7.7251613e-01   0.0000000e+00   9.5318764e-01   1.0329708e+00
   3.7811206e-01   5.0257228e-01   7.7238600e-01   0.0000000e+00   9.5468377e-01   1.0333575e+00
   3.7937772e-01   5.0305367e-01   7.7151651e-01   0.0000000e+00   9.5076417e-01   1.0303956e+00
   3.7773528e-01   5.0344872e-01   7.7289465e-01   8.9419866e-01   9.5320102e-01   1.0330777e+00
   3.7990047e-01   5.0250406e-01   7.7405807e-01   0.0000000e+00   9.6138983e-01   1.0328271e+00
   3.7905814e-01   5.0301426e-01   7.7014667e-01   0.0000000e+00   9.5327892e-01   1.0325615e+00
   3.7741806e-01   5.0306603e-01   7.6956366e-01   8.9666605e-01   9.5260342e-01   1.0322477e+00
   3.7626481e-01   5.0352677e-01   7.6905266e-01   8.9687729e-01   9.5114528e-01   1.0312217e+00
   3.7693347e-01   5.0223271e-01   7.6938673e-01   8.8974508e-01   9.5192220e-01   1.0301549e+00
   3.7623073e-01   5.0207331e-01   7.6750240e-01   0.0000000e+00   9.5283852e-01   1.0308403e+00
   3.7769579e-01   5.0235492e-01   7.6765076e-01   8.9537376e-01   9.5388957e-01   1.0305020e+00
   3.7793555e-01   5.0413283e-01   7.7094860e-01   8.9183852e-01   9.5621736e-01   1.0321342e+00
   3.7513567e-01   5.0356333e-01   7.6728599e-01   8.9746699e-01   9.5233749e-01   1.0332630e+00
   3.7680488e-01   5.0306444e-01   7.7128365e-01   8.9858118e-01   9.5251715e-01   1.0321330e+00
   3.7717612e-01   5.0112685e-01   7.6870953e-01   8.9407286e-01   9.4819356e-01   1.0307488e+00
   3.7638543e-01   5.0184445e-01   7.6463976e-01   8.9231960e-01   9.5157185e-01   1.0312288e+00
   3.7631175e-01   5.0153333e-01   7.6730816e-01   8.9578419e-01   9.5122259e-01   1.0310860e+00
   3.7602659e-01   5.0258064e-01   7.6831864e-01   8.9574189e-01   9.5170695e-01   1.0308306e+00
   3.7650038e-01   5.0151371e-01   7.6820670e-01   8.9078321e-01   9.4930246e-01   1.0288015e+00
   3.7682311e-01   5.0131223e-01   7.7064320e-01   8.9402161e-01   9.5403722e-01   1.0320719e+00
   3.7635145e-01   5.0129644e-01   7.6711242e-01   8.9644187e-01   9.4838313e-01   1.0311004e+00
   3.7595580e-01   5.0278140e-01   7.6760361e-01   8.9483201e-01   9.5173369e-01   1.0298424e+00
   3.7569843e-01   5.0298614e-01   7.6803806e-01   8.9570254e-01   9.5139588e-01   1.0318760e+00
   3.7798229e-01   5.0357673e-01   7.7193366e-01   8.9892529e-01   9.5502987e-01   1.0342694e+00
   3.7692968e-01   5.0325097e-01   7.6733240e-01   0.0000000e+00   9.5200825e-01   1.0331419e+00
   3.7752538e-01   5.0314547e-01   7.6776710e-01   8.9900537e-01   9.5360206e-01   1.0336622e+00
   3.7678214e-01   5.0272968e-01   7.7004444e-01   8.9168253e-01   9.5412248e-01   1.0325651e+00
   3.7760972e-01   5.0324326e-01   7.7060891e-01   8.9441620e-01   9.5652413e-01   1.0330008e+00
   3.7800211e-01   5.0313465e-01   7.7119599e-01   0.0000000e+00   9.5632126e-01   1.0352097e+00
   3.7807481e-01   5.0324196e-01   7.7034364e-01   0.0000000e+00   9.5499800e-01   1.0354687e+00
   3.7819382e-01   5.0388587e-01   7.7099016e-01   8.9976455e-01   9.5407903e-01   1.0345290e+00
   3.7820156e-01   5.0413330e-01   7.6851549e-01   0.0000000e+00   9.5458484e-01   1.0340536e+00
   3.7825001e-01   5.0294870e-01   7.7190672e-01   8.9986760e-01   9.5452597e-01   1.0336313e+00
   3.7828408e-01   5.0269041e-01   7.6951804e-01   8.9575070e-01   9.5764629e-01   1.0370090e+00
   3.7734923e-01   5.0348887e-01   7.7303762e-01   8.9833811e-01   9.5538116e-01   1.0357228e+00
   3.7786665e-01   5.0310259e-01   7.7311355e-01   8.9849120e-01   9.5524338e-01   1.0350224e+00
   3.7757351e-01   5.0313779e-01   7.7306212e-01   0.0000000e+00   9.5643256e-01   1.0340942e+00
   3.7792778e-01   5.0314485e-01   7.6970681e-01   0.0000000e+00   9.5453219e-01   1.0353241e+00
   3.7854100e-01   5.0394954e-01   7.7172955e-01   0.0000000e+00   9.5483993e-01   1.0357477e+00
   3.7803579e-01   5.0377611e-01   7.6930598e-01   8.9900056e-01   9.5420574e-01   1.0328716e+00
   3.7720269e-01   5.0378942e-01   7.7177426e-01   8.9666208e-01   9.5466550e-01   1.0348275e+00
   3.7580968e-01   5.0376436e-01   7.7151255e-01   8.9722671e-01   9.5577803e-01   1.0350856e+00
   3.7625534e-01   5.0313945e-01   7.7044286e-01   8.9255445e-01   9.5374975e-01   1.0313260e+00
   3.7761566e-01   5.0373763e-01   7.7295373e-01   8.9618938e-01   9.5344240e-01   1.0344658e+00
   3.7817487e-01   5.0297712e-01   7.7198448e-01   8.9795822e-01   9.5105373e-01   1.0334510e+00
   3.7818260e-01   5.0313353e-01   7.7152033e-01   8.9684984e-01   9.5331975e-01   1.0331931e+00
   3.7902682e-01   5.0363853e-01   7.7340866e-01   8.9898331e-01   9.5631504e-01   1.0348517e+00
   3.7813936e-01   5.0332331e-01   7.7401639e-01   0.0000000e+00   9.5366864e-01   1.0335376e+00
   3.7780108e-01   5.0375805e-01   7.7151277e-01   0.0000000e+00   9.5578434e-01   1.0319632e+00
   3.7698731e-01   5.0288386e-01   7.6843102e-01   0.0000000e+00   9.5111366e-01   1.0309173e+00
   3.7640112e-01   5.0302880e-01   7.7102901e-01   8.9582704e-01   9.5329472e-01   1.0309231e+00
   3.7767030e-01   5.0250591e-01   7.6966009e-01   8.9465741e-01   9.5263889e-01   1.0323133e+00
   3.7753078e-01   5.0237733e-01   7.6808014e-01   8.9869891e-01   9.5167647e-01   1.0319040e+00
   3.7642212e-01   5.0231499e-01   7.7163618e-01   8.9713891e-01   9.5517036e-01   1.0315132e+00
   3.7660594e-01   5.0200378e-01   7.7104297e-01   8.9657035e-01   9.4995862e-01   1.0289414e+00
   3.7711829e-01   5.0225492e-01   7.6887445e-01   8.9522650e-01   9.5236138e-01   1.0310236e+00
   3.7620973e-01   5.0224395e-01   7.6917020e-01   8.9737755e-01   9.5245374e-01   1.0331131e+00
   3.7741116e-01   5.0239217e-01   7.7081340e-01   8.9757078e-01   9.5385439e-01   1.0321178e+00
   3.7723806e-01   5.0262403e-01   7.7187774e-01   8.9761152e-01   9.5169239e-01   1.0316923e+00
   3.7730627e-01   5.0181836e-01   7.6971462e-01   8.9547183e-01   9.5054354e-01   1.0319276e+00
   3.7610567e-01   5.0203131e-01   7.6891257e-01   8.9813230e-01   9.5148256e-01   1.0305701e+00
   3.7683485e-01   5.0236238e-01   7.6955954e-01   8.9313112e-01   9.5259867e-01   1.0321925e+00
   3.7660908e-01   5.0299952e-01   7.7091969e-01   8.9080222e-01   9.5151668e-01   1.0314801e+00
   3.7728713e-01   5.0218816e-01   7.6978245e-01   8.9193533e-01   9.5338325e-01   1.0323072e+00
   3.7764313e-01   5.0196105e-01   7.7138856e-01   8.9510834e-01   9.5072131e-01   1.0323079e+00
   3.7673620e-01   5.0344625e-01   7.6814991e-01   8.9220894e-01   9.5486110e-01   1.0322740e+00
   3.7670091e-01   5.0235195e-01   7.7098489e-01   8.9785151e-01   9.5158011e-01   1.0299465e+00
   3.7599157e-01   5.0275775e-01   7.6972789e-01   8.9917093e-01   9.5375921e-01   1.0344110e+00
   3.7695721e-01   5.0231377e-01   7.6775979e-01   8.9188472e-01   9.5190877e-01   1.0319068e+00
   3.7609763e-01   5.0301752e-01   7.6928212e-01   8.9594880e-01   9.5251844e-01   1.0342927e+00
   3.7665649e-01   5.0185296e-01   7.6978007e-01   8.9291416e-01   9.5402806e-01   1.0330571e+00
   3.7772089e-01   5.0262297e-01   7.7150657e-01   0.0000000e+00   9.5428491e-01   1.0335617e+00
   3.7742257e-01   5.0277540e-01   7.6919802e-01   0.0000000e+00   9.5402848e-01   1.0334229e+00
   3.7815082e-01   5.0399782e-01   7.7259523e-01   8.9684318e-01   9.5451441e-01   1.0346853e+00
   3.7800523e-01   5.0311681e-01   7.6945761e-01   8.9406110e-01   9.5396893e-01   1.0322233e+00
   3.7860266e-01   5.0340378e-01   7.7035596e-01   8.9788411e-01   9.5390896e-01   1.0337610e+00
   3.7651878e-01   5.0365787e-01   7.6890469e-01   8.9965049e-01   9.5369363e-01   1.0334788e+00
   3.7753204e-01   5.0227545e-01   7.7300888e-01   8.9944176e-01   9.5537611e-01   1.0341874e+00
   3.7823921e-01   5.0378317e-01   7.7303635e-01   8.9699639e-01   9.5429738e-01   1.0339641e+00
   3.7684218e-01   5.0382232e-01   7.7192886e-01   8.9951997e-01   9.5627357e-01   1.0345063e+00
   3.7767882e-01   5.0366092e-01   7.6858493e-01   8.9974079e-01   9.5575029e-01   1.0331869e+00
   3.7870284e-01   5.0425510e-01   7.7129349e-01   8.9624993e-01   9.5573543e-01   1.0356138e+00
   3.7780733e-01   5.0299889e-01   7.7112824e-01   8.9877084e-01   9.5398580e-01   1.0345170e+00
   3.7810960e-01   5.0347853e-01   7.7258717e-01   8.9541611e-01   9.5375823e-01   1.0343377e+00
   3.7725270e-01   5.0341229e-01   7.7143227e-01   0.0000000e+00   9.5269715e-01   1.0340656e+00
   3.7807958e-01   5.0362158e-01   7.7228077e-01   0.0000000e+00   9.5576675e-01   1.0335009e+00
   3.7816400e-01   5.0289021e-01   7.7086083e-01   8.9212340e-01   9.5552167e-01   1.0336585e+00
   3.7867306e-01   5.0352051e-01   7.7212066e-01   8.9832560e-01   9.5478990e-01   1.0350625e+00
   3.7793005e-01   5.0355155e-01   7.7212086e-01   8.9982085e-01   9.5401027e-01   1.0347116e+00
   3.7729623e-01   5.0353636e-01   7.7213875e-01   0.0000000e+00   9.5540663e-01   1.0354088e+00
   3.7810360e-01   5.0415857e-01   7.7311098e-01   8.9978650e-01   9.5683072e-01   1.0359598e+00
   3.7826831e-01   5.0421402e-01   7.7578032e-01   0.0000000e+00   9.5550579e-01   1.0346509e+00
   3.7928392e-01   5.0417553e-01   7.7459263e-01   0.0000000e+00   9.5704043e-01   1.0353539e+00
   3.7820840e-01   5.0299011e-01   7.7035902e-01   0.0000000e+00   9.5462258e-01   1.0334479e+00
   3.7829831e-01   5.0380501e-01   7.7389951e-01   8.9661489e-01   9.5298058e-01   1.0334410e+00
   3.7738078e-01   5.0304980e-01   7.7193792e-01   0.0000000e+00   9.5437019e-01   1.0334995e+00
   3.7850987e-01   5.0242709e-01   7.7162977e-01   8.9753746e-01   9.5417025e-01   1.0336780e+00
   3.7794242e-01   5.0304409e-01   7.7290151e-01   8.9719293e-01   9.5244377e-01   1.0324509e+00
   3.7772332e-01   5.0303017e-01   7.7120143e-01   8.9705522e-01   9.5364928e-01   1.0327049e+00
   3.7788601e-01   5.0311793e-01   7.6774915e-01   8.9914784e-01   9.5282648e-01   1.0343748e+00
   3.7802751e-01   5.0283172e-01   7.6964555e-01   8.9666532e-01   9.5265755e-01   1.0324178e+00
   3.7805160e-01   5.0286906e-01   7.7037804e-01   8.9789498e-01   9.5293792e-01   1.0316468e+00
   3.7759035e-01   5.0175600e-01   7.6858050e-01   8.9433138e-01   9.5291689e-01   1.0324359e+00
   3.7794346e-01   5.0266742e-01   7.7035528e-01   0.0000000e+00   9.5323167e-01   1.0323682e+00
   3.7806771e-01   5.0255066e-01   7.6962362e-01   8.9871095e-01   9.5430668e-01   1.0321237e+00
   3.7769654e-01   5.0258356e-01   7.6822187e-01   8.9413843e-01   9.5482009e-01   1.0345164e+00
   3.7685777e-01   5.0309312e-01   7.6828926e-01   0.0000000e+00   9.5343407e-01   1.0324310e+00
   3.7721809e-01   5.0169762e-01   7.6903114e-01   8.9361279e-01   9.5350882e-01   1.0297677e+00
   3.7639051e-01   5.0201369e-01   7.7053821e-01   0.0000000e+00   9.5211098e-01   1.0312731e+00
   3.7710239e-01   5.0239100e-01   7.7164817e-01   8.8831360e-01   9.5079754e-01   1.0323508e+00
   3.7593797e-01   5.0257421e-01   7.7180522e-01   8.9335932e-01   9.5287890e-01   1.0327629e+00
   3.7706901e-01   5.0233362e-01   7.6705549e-01   8.9498075e-01   9.5059693e-01   1.0315235e+00
   3.7626751e-01   5.0200666e-01   7.6725731e-01   8.8834619e-01   9.5203869e-01   1.0308708e+00
   3.7489471e-01   5.0284118e-01   7.6931819e-01   8.9572254e-01   9.5350615e-01   1.0308485e+00
   3.7620068e-01   5.0243128e-01   7.7054395e-01   8.9565750e-01   9.5065164e-01   1.0309159e+00
   3.7667371e-01   5.0187643e-01   7.7038379e-01   8.9697152e-01   9.5281785e-01   1.0305990e+00
   3.7811191e-01   5.0201069e-01   7.7025513e-01   8.9160117e-01   9.5209639e-01   1.0322529e+00
   3.7640307e-01   5.0232085e-01   7.7047805e-01   8.9587855e-01   9.5277851e-01   1.0314528e+00
   3.7690435e-01   5.0269683e-01   7.7078416e-01   8.9508121e-01   9.5241864e-01   1.0327618e+00
   3.7850519e-01   5.0265662e-01   7.7068133e-01   8.9598058e-01   9.5334321e-01   1.0337888e+00
   3.7779209e-01   5.0300052e-01   7.7068387e-01   8.9734070e-01   9.5147223e-01   1.0325360e+00
   3.7799381e-01   5.0413865e-01   7.7335176e-01   8.9922669e-01   9.5677143e-01   1.0351985e+00
   3.7816438e-01   5.0356506e-01   7.7180034e-01   8.9907090e-01   9.5276484e-01   1.0333183e+00
   3.7773102e-01   5.0427065e-01   7.7053765e-01   8.9657551e-01   9.5656220e-01   1.0339846e+00
   3.7818480e-01   5.0379628e-01   7.7091667e-01   0.0000000e+00   9.5515869e-01   1.0348377e+00
   3.7880831e-01   5.0403814e-01   7.7058846e-01   0.0000000e+00   9.5598256e-01   1.0342686e+00
   3.7814590e-01   5.0322204e-01   7.7205832e-01   8.9697697e-01   9.5435165e-01   1.0347330e+00
   3.7825853e-01   5.0402720e-01   7.7203238e-01   8.9317136e-01   9.5451431e-01   1.0334508e+00
   3.7748405e-01   5.0349601e-01   7.7281856e-01   0.0000000e+00   9.5394473e-01   1.0327515e+00
   3.7765163e-01   5.0304962e-01   7.7072046e-01   8.9753419e-01   9.5535482e-01   1.0344952e+00
   3.7873718e-01   5.0373244e-01   7.7339604e-01   0.0000000e+00   9.5554287e-01   1.0353566e+00
   3.7888111e-01   5.0406773e-01   7.7051037e-01   8.9763229e-01   9.5183700e-01   1.0335517e+00
   3.7838676e-01   5.0399085e-01   7.7342382e-01   0.0000000e+00   9.5563481e-01   1.0343836e+00
   3.7840823e-01   5.0280998e-01   7.7250714e-01   0.0000000e+00   9.5541901e-01   1.0354734e+00
   3.7919295e-01   5.0303211e-01   7.7193513e-01   0.0000000e+00   9.5383468e-01   1.0353269e+00
   3.7820589e-01   5.0381946e-01   7.7064379e-01   8.9359843e-01   9.5664245e-01   1.0358452e+00
   3.7806679e-01   5.0352220e-01   7.7519269e-01   0.0000000e+00   9.5556514e-01   1.0372287e+00
   3.7882077e-01   5.0409405e-01   7.7280053e-01   0.0000000e+00   9.5655885e-01   1.0360705e+00
   3.7875484e-01   5.0394940e-01   7.7340885e-01   0.0000000e+00   9.5573486e-01   1.0349067e+00
   3.7950611e-01   5.0463336e-01   7.7530911e-01   0.0000000e+00   9.5706540e-01   1.0361699e+00
   3.7877582e-01   5.0368145e-01   7.7403186e-01   8.9717337e-01   9.5712241e-01   1.0345088e+00
   3.7815162e-01   5.0410618e-01   7.7275550e-01   8.9639023e-01   9.5497158e-01   1.0354322e+00
   3.7920293e-01   5.0379590e-01   7.7585306e-01   0.0000000e+00   9.5682586e-01   1.0346247e+00
   3.7766628e-01   5.0377029e-01   7.7332235e-01   0.0000000e+00   9.5692261e-01   1.0342852e+00
   3.7905673e-01   5.0284532e-01   7.6980111e-01   0.0000000e+00   9.5420220e-01   1.0349862e+00
   3.7803300e-01   5.0398667e-01   7.7374517e-01   0.0000000e+00   9.5510614e-01   1.0339458e+00
   3.7761011e-01   5.0428206e-01   7.7345409e-01   8.9910238e-01   9.5501246e-01   1.0360496e+00
   3.7790524e-01   5.0393959e-01   7.7134715e-01   0.0000000e+00   9.5505075e-01   1.0344136e+00
   3.7782467e-01   5.0277430e-01   7.7379684e-01   8.9532123e-01   9.5697866e-01   1.0328918e+00
   3.7918930e-01   5.0401982e-01   7.7413363e-01   0.0000000e+00   9.5451663e-01   1.0349026e+00
   3.7882990e-01   5.0357296e-01   7.7315351e-01   0.0000000e+00   9.5425306e-01   1.0357574e+00
   3.7881766e-01   5.0399267e-01   7.7377670e-01   8.9724681e-01   9.5702550e-01   1.0353525e+00
   3.7786832e-01   5.0241009e-01   7.6806263e-01   0.0000000e+00   9.5315501e-01   1.0321362e+00
   3.7858994e-01   5.0328926e-01   7.7146459e-01   8.9711312e-01   9.5631168e-01   1.0355694e+00
   3.7739120e-01   5.0316512e-01   7.7110791e-01   8.9253982e-01   9.5509109e-01   1.0341278e+00
   3.7761622e-01   5.0274867e-01   7.7416859e-01   8.9998226e-01   9.5383280e-01   1.0343668e+00
   3.7679448e-01   5.0204514e-01   7.7060026e-01   8.9778406e-01   9.5468418e-01   1.0330835e+00
   3.7747563e-01   5.0234245e-01   7.6815422e-01   8.9243567e-01   9.5516930e-01   1.0322122e+00
   3.7707914e-01   5.0231146e-01   7.7033708e-01   8.9668044e-01   9.5294052e-01   1.0319371e+00
   3.7738252e-01   5.0337367e-01   7.7066343e-01   8.9842513e-01   9.5282998e-01   1.0322047e+00
   3.7823405e-01   5.0338624e-01   7.7300633e-01   0.0000000e+00   9.5450957e-01   1.0319412e+00
   3.7728741e-01   5.0207952e-01   7.7123958e-01   8.9654056e-01   9.5454486e-01   1.0308719e+00
   3.7714928e-01   5.0299879e-01   7.7238499e-01   8.9394890e-01   9.5242736e-01   1.0323210e+00
   3.7686952e-01   5.0331683e-01   7.7082740e-01   8.9792512e-01   9.5308219e-01   1.0320222e+00
   3.7764409e-01   5.0242908e-01   7.6896600e-01   8.9224592e-01   9.5083405e-01   1.0339148e+00
   3.7869668e-01   5.0209692e-01   7.7227191e-01   8.9540550e-01   9.5400249e-01   1.0322566e+00
   3.7698066e-01   5.0249822e-01   7.7046041e-01   8.9619990e-01   9.5533430e-01   1.0310638e+00
   3.7678370e-01   5.0149708e-01   7.7149001e-01   8.9948224e-01   9.5599848e-01   1.0315600e+00
   3.7723980e-01   5.0218701e-01   7.7057273e-01   8.9497402e-01   9.5438577e-01   1.0326918e+00
   3.7766344e-01   5.0249270e-01   7.7108951e-01   8.9015906e-01   9.5344986e-01   1.0320252e+00
   3.7686799e-01   5.0342452e-01   7.7354477e-01   0.0000000e+00   9.5584734e-01   1.0329782e+00
   3.7783678e-01   5.0279995e-01   7.6998114e-01   0.0000000e+00   9.5599152e-01   1.0342075e+00
   3.7764871e-01   5.0356228e-01   7.7546751e-01   0.0000000e+00   9.5667674e-01   1.0337846e+00
   3.7669181e-01   5.0257683e-01   7.7130384e-01   8.9143229e-01   9.5825238e-01   1.0322503e+00
   3.7581025e-01   5.0252112e-01   7.6856326e-01   8.7887695e-01   9.5662450e-01   1.0324256e+00
   3.7801557e-01   5.0242350e-01   7.7108965e-01   0.0000000e+00   9.5709712e-01   1.0320266e+00
   3.7705859e-01   5.0309353e-01   7.7217053e-01   8.9197321e-01   9.5467052e-01   1.0336690e+00
   3.7723771e-01   5.0191996e-01   7.7021721e-01   8.9275268e-01   9.5501244e-01   1.0330589e+00
   3.7760883e-01   5.0292675e-01   7.6992381e-01   8.9329309e-01   9.5693464e-01   1.0326391e+00
   3.7805396e-01   5.0335648e-01   0.0000000e+00   0.0000000e+00   9.5667622e-01   1.0327106e+00
   3.7673222e-01   5.0303517e-01   7.7612312e-01   8.9772757e-01   9.5654199e-01   1.0331707e+00
   3.7675505e-01   5.0260072e-01   7.7015926e-01   0.0000000e+00   9.5306950e-01   1.0318682e+00
   3.7788569e-01   5.0177683e-01   7.7727065e-01   0.0000000e+00   9.5509925e-01   1.0317946e+00
   3.7670787e-01   5.0210749e-01   7.7188747e-01   0.0000000e+00   9.5644677e-01   1.0307161e+00
   3.7744569e-01   5.0260662e-01   7.7064685e-01   8.9479343e-01   9.5548959e-01   1.0311831e+00
   3.7734037e-01   5.0209271e-01   7.6600681e-01   8.9323647e-01   9.4962961e-01   1.0318747e+00
   3.7767106e-01   5.0275748e-01   7.6906207e-01   8.9305765e-01   9.5559433e-01   1.0332834e+00
   3.7724078e-01   5.0259930e-01   7.7235415e-01   8.9767090e-01   9.5666214e-01   1.0327028e+00
   3.7604690e-01   5.0265532e-01   7.6933505e-01   0.0000000e+00   9.5511842e-01   1.0347407e+00
   3.7907553e-01   5.0363779e-01   7.7308141e-01   8.9126045e-01   9.5300168e-01   1.0341981e+00
   3.7714218e-01   5.0352728e-01   7.7121465e-01   8.9562810e-01   9.5773741e-01   1.0349456e+00
   3.7804107e-01   5.0391131e-01   7.7472231e-01   0.0000000e+00   9.5805481e-01   1.0337506e+00
   3.7738344e-01   5.0365393e-01   7.7196013e-01   0.0000000e+00   9.5781392e-01   1.0346235e+00
   3.7891903e-01   5.0403079e-01   7.7444920e-01   0.0000000e+00   9.5727613e-01   1.0348183e+00
   3.7687718e-01   5.0453111e-01   7.7644844e-01   0.0000000e+00   9.5944187e-01   1.0356661e+00
   3.8007874e-01   5.0607397e-01   7.7358009e-01   8.9809441e-01   9.5958297e-01   1.0364731e+00
   3.7814299e-01   5.0557648e-01   7.7551692e-01   0.0000000e+00   9.6001437e-01   1.0371714e+00
   3.8110189e-01   5.0631901e-01   7.7431884e-01   0.0000000e+00   9.6412506e-01   1.0390947e+00
   3.8053433e-01   5.0620429e-01   7.7421859e-01   0.0000000e+00   9.6251585e-01   1.0403738e+00
   3.8157079e-01   5.0497410e-01   7.7830499e-01   0.0000000e+00   9.6279779e-01   1.0406619e+00
   3.8042400e-01   5.0620501e-01   7.7650020e-01   0.0000000e+00   9.6162814e-01   1.0403312e+00
   3.8040370e-01   5.0611018e-01   7.7645037e-01   8.9480381e-01   9.6166784e-01   1.0385923e+00
   3.8017497e-01   5.0502883e-01   7.7392431e-01   0.0000000e+00   9.6323078e-01   1.0396342e+00
   3.7626125e-01   5.0254812e-01   7.7336632e-01   0.0000000e+00   9.5455601e-01   1.0343052e+00
   3.7677637e-01   5.0157804e-01   7.7032880e-01   8.9991991e-01   9.5679843e-01   1.0313864e+00
   3.7624988e-01   5.0221404e-01   7.6954468e-01   0.0000000e+00   9.5394308e-01   1.0313465e+00
   3.7526149e-01   5.0076587e-01   7.6652976e-01   8.9160823e-01   9.4633623e-01   1.0281476e+00
   3.7687595e-01   5.0193919e-01   7.6919345e-01   8.8974905e-01   9.5208053e-01   1.0297107e+00
   3.7475061e-01   5.0199940e-01   7.7131547e-01   8.8914001e-01   9.5494339e-01   1.0318413e+00
   3.7616237e-01   5.0205537e-01   7.7396746e-01   0.0000000e+00   9.4964270e-01   1.0321790e+00
   3.7669878e-01   5.0058765e-01   0.0000000e+00   0.0000000e+00   9.5315979e-01   1.0324124e+00
   3.7621621e-01   5.0133154e-01   7.7183808e-01   8.9911774e-01   9.5888572e-01   1.0327693e+00
   3.7743793e-01   5.0126136e-01   0.0000000e+00   0.0000000e+00   9.6054010e-01   1.0336080e+00
   3.7661556e-01   5.0390057e-01   7.7106181e-01   0.0000000e+00   9.5960263e-01   1.0362371e+00
   3.7815895e-01   5.0314463e-01   7.7124800e-01   0.0000000e+00   9.5712488e-01   1.0354172e+00
   3.7711378e-01   5.0377734e-01   7.7047407e-01   0.0000000e+00   9.5597946e-01   1.0326797e+00
   3.7776140e-01   5.0390489e-01   7.7529680e-01   8.9114354e-01   9.5702968e-01   1.0340510e+00
   3.7701076e-01   5.0280081e-01   7.7002360e-01   8.9019468e-01   9.5633007e-01   1.0332427e+00
   3.7761040e-01   5.0324723e-01   7.7361099e-01   8.9346118e-01   9.5555073e-01   1.0329087e+00
   3.7738071e-01   5.0352355e-01   7.7671174e-01   8.8861886e-01   9.5775767e-01   1.0349791e+00
   3.7627780e-01   5.0330407e-01   0.0000000e+00   8.8347768e-01   9.5302502e-01   1.0334348e+00
   3.7869614e-01   5.0291809e-01   7.7270493e-01   8.9504443e-01   9.5416760e-01   1.0332728e+00
   3.7847438e-01   5.0305080e-01   7.7183108e-01   8.9237273e-01   9.5549888e-01   1.0344805e+00
   3.7743383e-01   5.0237537e-01   7.7256198e-01   8.9389510e-01   9.5790656e-01   1.0336447e+00
   3.7733526e-01   5.0354101e-01   7.7246429e-01   8.9052938e-01   9.5425679e-01   1.0333037e+00
   3.7679138e-01   5.0260601e-01   7.6821846e-01   0.0000000e+00   9.5663129e-01   1.0337532e+00
   3.7781765e-01   5.0249230e-01   7.7322558e-01   8.8938257e-01   9.5467590e-01   1.0324577e+00
   3.7549506e-01   5.0263912e-01   7.6546884e-01   8.8918907e-01   9.5566107e-01   1.0326942e+00
   3.7761279e-01   5.0298475e-01   7.7382127e-01   8.9051056e-01   9.5711057e-01   1.0331259e+00
   3.7793654e-01   5.0328769e-01   0.0000000e+00   0.0000000e+00   9.5572998e-01   1.0317316e+00
   3.7715294e-01   5.0267979e-01   7.6663664e-01   8.8970573e-01   9.5561779e-01   1.0318705e+00
   3.7731429e-01   5.0258168e-01   7.6983814e-01   8.9321224e-01   9.5263270e-01   1.0312261e+00
   3.7596253e-01   5.0148792e-01   7.6954188e-01   0.0000000e+00   9.5117943e-01   1.0320007e+00
   3.7703571e-01   5.0295826e-01   7.7176935e-01   8.9653367e-01   9.5453052e-01   1.0318518e+00
   3.7678924e-01   5.0236765e-01   7.7156870e-01   0.0000000e+00   9.5514508e-01   1.0323628e+00
   3.7675031e-01   5.0285633e-01   7.7259510e-01   8.9103677e-01   9.5691084e-01   1.0329647e+00
   3.7698661e-01   5.0300062e-01   0.0000000e+00   0.0000000e+00   9.5563610e-01   1.0333813e+00
   3.7776365e-01   5.0288399e-01   7.7249665e-01   8.9465545e-01   9.5294511e-01   1.0348552e+00
   3.7761409e-01   5.0281788e-01   7.6857459e-01   8.9378852e-01   9.5570785e-01   1.0342050e+00
   3.7874172e-01   5.0342758e-01   7.6964012e-01   8.8609774e-01   9.5469927e-01   1.0330377e+00
   3.7757091e-01   5.0388211e-01   7.7138332e-01   0.0000000e+00   9.5671126e-01   1.0342825e+00
   3.7643628e-01   5.0369767e-01   7.7295028e-01   0.0000000e+00   9.5755821e-01   1.0352712e+00
   3.7807697e-01   5.0455339e-01   7.7158393e-01   8.8703438e-01   9.5885898e-01   1.0361637e+00
   3.7770832e-01   5.0380852e-01   0.0000000e+00   0.0000000e+00   9.5613957e-01   1.0345220e+00
   3.7869774e-01   5.0360432e-01   7.7301395e-01   8.9648513e-01   9.5951167e-01   1.0347365e+00
   3.7690426e-01   5.0356793e-01   7.7063051e-01   0.0000000e+00   9.5534821e-01   1.0345832e+00
   3.7886293e-01   5.0408578e-01   7.7241258e-01   0.0000000e+00   9.5753833e-01   1.0384504e+00
   3.7801392e-01   5.0388722e-01   7.7428014e-01   0.0000000e+00   9.5568321e-01   1.0352500e+00
   3.7845303e-01   5.0354321e-01   7.7483893e-01   8.9066763e-01   9.5880219e-01   1.0353349e+00
   3.7799244e-01   5.0456690e-01   7.7242270e-01   8.9071135e-01   9.5919876e-01   1.0368092e+00
   3.7955939e-01   5.0460892e-01   7.7482299e-01   0.0000000e+00   9.6157423e-01   1.0371668e+00
   3.7820269e-01   5.0377967e-01   0.0000000e+00   0.0000000e+00   9.5825353e-01   1.0379759e+00
   3.7912406e-01   5.0402051e-01   7.7470503e-01   8.9497918e-01   9.5972654e-01   1.0366220e+00
   3.7705234e-01   5.0295153e-01   7.7121867e-01   8.9643909e-01   9.5305012e-01   1.0323870e+00
   3.7684362e-01   5.0322295e-01   7.7377196e-01   0.0000000e+00   9.5529957e-01   1.0335891e+00
   3.7744226e-01   5.0292390e-01   7.7073354e-01   8.9981288e-01   9.5378526e-01   1.0325938e+00
   3.7548816e-01   5.0444480e-01   7.6985971e-01   8.9834184e-01   9.5484430e-01   1.0330549e+00
   3.7622452e-01   5.0278158e-01   7.6930680e-01   8.9868856e-01   9.5297352e-01   1.0328625e+00
   3.7738273e-01   5.0293669e-01   7.7012081e-01   0.0000000e+00   9.5313249e-01   1.0319624e+00
   3.7751230e-01   5.0283353e-01   7.6952678e-01   0.0000000e+00   9.5301827e-01   1.0314662e+00
   3.7721677e-01   5.0225686e-01   7.6984541e-01   8.9769509e-01   9.5352159e-01   1.0329182e+00
   3.7710237e-01   5.0324353e-01   7.7312055e-01   8.9539235e-01   9.5361445e-01   1.0313899e+00
   3.7653981e-01   5.0283984e-01   7.6953713e-01   8.9306892e-01   9.5505879e-01   1.0310212e+00
   3.7705666e-01   5.0269287e-01   7.7060682e-01   8.9693872e-01   9.5482572e-01   1.0311899e+00
   3.7635860e-01   5.0252321e-01   7.7210541e-01   8.9019886e-01   9.5253064e-01   1.0325242e+00
   3.7760579e-01   5.0179362e-01   7.7098802e-01   8.9495274e-01   9.5185139e-01   1.0309583e+00
   3.7576641e-01   5.0250531e-01   7.6957834e-01   8.8786919e-01   9.5318410e-01   1.0309369e+00
   3.7732380e-01   5.0280730e-01   7.7105066e-01   8.9317341e-01   9.5184757e-01   1.0303690e+00
   3.7725693e-01   5.0239532e-01   7.6934441e-01   8.9444925e-01   9.5285604e-01   1.0325293e+00
   3.7774539e-01   5.0168139e-01   7.6842176e-01   8.9139427e-01   9.5420072e-01   1.0311562e+00
   3.7593731e-01   5.0172080e-01   7.6704840e-01   0.0000000e+00   9.5451013e-01   1.0315896e+00
   3.7769370e-01   5.0269082e-01   7.7252693e-01   0.0000000e+00   9.5447405e-01   1.0340094e+00
   3.7876310e-01   5.0433744e-01   7.7455449e-01   0.0000000e+00   9.5774185e-01   1.0350462e+00
   3.7851104e-01   5.0343312e-01   7.7171707e-01   0.0000000e+00   9.5641908e-01   1.0348000e+00
   3.7938784e-01   5.0336109e-01   7.7552264e-01   8.9616500e-01   9.5575845e-01   1.0337556e+00
   3.7709436e-01   5.0429494e-01   7.7235461e-01   8.9717689e-01   9.5630136e-01   1.0356263e+00
   3.7818877e-01   5.0344620e-01   7.7357005e-01   8.9904430e-01   9.5399057e-01   1.0329483e+00
   3.7877572e-01   5.0365518e-01   7.7362065e-01   8.9751882e-01   9.5794078e-01   1.0346856e+00
   3.7777920e-01   5.0311749e-01   7.7430508e-01   8.9711035e-01   9.5544115e-01   1.0334727e+00
   3.7824021e-01   5.0348926e-01   7.7247515e-01   0.0000000e+00   9.5492937e-01   1.0347161e+00
   3.7877955e-01   5.0332483e-01   7.7366471e-01   8.9822348e-01   9.5531671e-01   1.0340994e+00
   3.7449871e-01   5.0296422e-01   7.7337628e-01   8.9507336e-01   9.5624770e-01   1.0331497e+00
   3.7723751e-01   5.0270129e-01   7.6764964e-01   8.9325956e-01   9.5597021e-01   1.0357715e+00
   3.7406115e-01   5.0300261e-01   7.7328192e-01   0.0000000e+00   9.5497853e-01   1.0346164e+00
   3.7704203e-01   5.0258774e-01   7.7101599e-01   0.0000000e+00   9.5352836e-01   1.0342228e+00
   3.7796057e-01   5.0366555e-01   7.7185072e-01   8.9883153e-01   9.5650135e-01   1.0360972e+00
   3.7580821e-01   5.0276843e-01   7.7077578e-01   8.9144431e-01   9.5334962e-01   1.0334173e+00
   3.7833066e-01   5.0323801e-01   7.7028342e-01   0.0000000e+00   9.5529561e-01   1.0329127e+00
   3.7683071e-01   5.0230476e-01   7.6860664e-01   8.9936941e-01   9.5509577e-01   1.0320744e+00
   3.7755341e-01   5.0298903e-01   7.7324634e-01   0.0000000e+00   9.5491079e-01   1.0338683e+00
   3.7838030e-01   5.0383119e-01   7.7409403e-01   0.0000000e+00   9.5688446e-01   1.0364278e+00
   3.7895753e-01   5.0481473e-01   7.7416265e-01   0.0000000e+00   9.5658375e-01   1.0365413e+00
   3.7890689e-01   5.0467940e-01   7.7303970e-01   0.0000000e+00   9.6164042e-01   1.0381298e+00
   3.7813782e-01   5.0433440e-01   7.7258179e-01   0.0000000e+00   9.5789965e-01   1.0371792e+00
   3.7838432e-01   5.0384112e-01   7.6971193e-01   0.0000000e+00   9.5682788e-01   1.0359699e+00
   3.7868954e-01   5.0388753e-01   7.7327210e-01   8.9976179e-01   9.5651722e-01   1.0359601e+00
   3.7847665e-01   5.0385554e-01   7.7543058e-01   0.0000000e+00   9.5556074e-01   1.0361718e+00
   3.7831913e-01   5.0426969e-01   7.7204644e-01   0.0000000e+00   9.5528988e-01   1.0363118e+00
   3.7920891e-01   5.0448108e-01   7.7380227e-01   0.0000000e+00   9.5837984e-01   1.0384236e+00
   3.7855522e-01   5.0415617e-01   7.7193552e-01   0.0000000e+00   9.5631048e-01   1.0379004e+00
   3.7702878e-01   5.0351803e-01   7.6954884e-01   0.0000000e+00   9.5765091e-01   1.0355595e+00
   3.7802707e-01   5.0386023e-01   7.7128040e-01   0.0000000e+00   9.5716202e-01   1.0352416e+00
   3.7864635e-01   5.0526413e-01   7.7125980e-01   0.0000000e+00   9.5723541e-01   1.0366889e+00
   3.7851901e-01   5.0371161e-01   7.7449521e-01   0.0000000e+00   9.5649412e-01   1.0361109e+00
   3.7871628e-01   5.0326707e-01   7.7111411e-01   0.0000000e+00   9.5602733e-01   1.0356182e+00
   3.7888485e-01   5.0445977e-01   7.7193797e-01   0.0000000e+00   9.5930439e-01   1.0352837e+00
   3.7831267e-01   5.0400309e-01   7.7008304e-01   0.0000000e+00   9.5700511e-01   1.0353753e+00
   3.7825162e-01   5.0407959e-01   7.7280609e-01   0.0000000e+00   9.5854361e-01   1.0358072e+00
   3.7782852e-01   5.0431373e-01   7.7283741e-01   0.0000000e+00   9.5706812e-01   1.0363892e+00
   3.7800914e-01   5.0385447e-01   7.6977375e-01   0.0000000e+00   9.5636136e-01   1.0352164e+00
   3.7895335e-01   5.0362738e-01   7.7218415e-01   0.0000000e+00   9.5589484e-01   1.0355563e+00
   3.7773089e-01   5.0311165e-01   7.7581588e-01   0.0000000e+00   9.5454548e-01   1.0333431e+00
   3.7807112e-01   5.0369396e-01   7.7362601e-01   8.9788769e-01   9.5614762e-01   1.0333692e+00
   3.7945637e-01   5.0427474e-01   7.7345992e-01   0.0000000e+00   9.5629476e-01   1.0370236e+00
   3.7909933e-01   5.0376291e-01   7.7320102e-01   0.0000000e+00   9.5632861e-01   1.0351446e+00
   3.7909681e-01   5.0299661e-01   7.7019314e-01   0.0000000e+00   9.5583277e-01   1.0333797e+00
   3.7767555e-01   5.0335591e-01   7.7454752e-01   0.0000000e+00   9.5492309e-01   1.0342525e+00
   3.7757414e-01   5.0233224e-01   7.6977424e-01   8.9536734e-01   9.5397840e-01   1.0326867e+00
   3.7857786e-01   5.0349294e-01   7.7028540e-01   8.9893479e-01   9.5560886e-01   1.0333684e+00
   3.7860593e-01   5.0304129e-01   7.7298922e-01   8.9542544e-01   9.5434591e-01   1.0336408e+00
   3.7778611e-01   5.0264355e-01   7.7102743e-01   8.9638469e-01   9.5617678e-01   1.0336707e+00
   3.7783409e-01   5.0365168e-01   7.7402449e-01   8.9970153e-01   9.5428750e-01   1.0342674e+00
   3.7787519e-01   5.0319394e-01   7.6909628e-01   8.9367936e-01   9.5424242e-01   1.0339349e+00
   3.7747859e-01   5.0281909e-01   7.7204191e-01   8.9528860e-01   9.5303047e-01   1.0341684e+00
   3.7808945e-01   5.0396087e-01   7.7382223e-01   0.0000000e+00   9.5584827e-01   1.0338758e+00
   3.7863946e-01   5.0296398e-01   7.7303484e-01   8.9857664e-01   9.5612588e-01   1.0344696e+00
   3.7861951e-01   5.0342411e-01   7.7184273e-01   8.9693745e-01   9.5544521e-01   1.0350135e+00
   3.7873693e-01   5.0329265e-01   7.7128191e-01   8.9927516e-01   9.5404085e-01   1.0331023e+00
   3.7795276e-01   5.0283694e-01   7.7274200e-01   8.9360510e-01   9.5520907e-01   1.0323560e+00
   3.7648941e-01   5.0319340e-01   7.7244416e-01   0.0000000e+00   9.5239700e-01   1.0330156e+00
   3.7745764e-01   5.0319694e-01   7.7029806e-01   8.9656556e-01   9.5406239e-01   1.0341145e+00
   3.7681338e-01   5.0268553e-01   7.7046280e-01   8.9898045e-01   9.5357258e-01   1.0301974e+00
   3.7597992e-01   5.0263814e-01   7.7095391e-01   8.9995518e-01   9.5277864e-01   1.0329218e+00
   3.7631514e-01   5.0226262e-01   7.6839570e-01   8.9627364e-01   9.5322861e-01   1.0330140e+00
   3.7610451e-01   5.0197901e-01   7.7198446e-01   8.9861808e-01   9.5338057e-01   1.0320285e+00
   3.7695642e-01   5.0218752e-01   7.6989081e-01   8.9739184e-01   9.5441984e-01   1.0320657e+00
   3.7840121e-01   5.0270385e-01   7.7353354e-01   8.9334616e-01   9.5427393e-01   1.0325105e+00
   3.7848252e-01   5.0232704e-01   7.6999587e-01   0.0000000e+00   9.5462882e-01   1.0314268e+00
   3.7758087e-01   5.0362930e-01   7.6840643e-01   0.0000000e+00   9.5660166e-01   1.0330722e+00
   3.7651647e-01   5.0235216e-01   7.7092289e-01   0.0000000e+00   9.5381715e-01   1.0339304e+00
   3.7788480e-01   5.0317746e-01   7.7105924e-01   8.9709721e-01   9.6015832e-01   1.0347284e+00
   3.7864937e-01   5.0278908e-01   7.7109450e-01   0.0000000e+00   9.5391971e-01   1.0326944e+00
   3.7750172e-01   5.0437206e-01   7.7533372e-01   0.0000000e+00   9.5611004e-01   1.0348364e+00
   3.7762451e-01   5.0399141e-01   7.6881478e-01   0.0000000e+00   9.5439091e-01   1.0358848e+00
   3.7947645e-01   5.0445216e-01   7.7673931e-01   8.9860814e-01   9.5595741e-01   1.0353899e+00
   3.7821776e-01   5.0390183e-01   7.7345569e-01   0.0000000e+00   9.5820583e-01   1.0349320e+00
   3.7799147e-01   5.0464531e-01   7.7277847e-01   0.0000000e+00   9.6011143e-01   1.0369968e+00
   3.7792933e-01   5.0410969e-01   7.7293694e-01   8.9771627e-01   9.5621184e-01   1.0338251e+00
   3.7790076e-01   5.0397150e-01   7.7144626e-01   0.0000000e+00   9.5543681e-01   1.0348022e+00
   3.7732191e-01   5.0394617e-01   7.7208195e-01   0.0000000e+00   9.5608825e-01   1.0358516e+00
   3.7862385e-01   5.0347092e-01   7.7365573e-01   0.0000000e+00   9.5505193e-01   1.0341896e+00
   3.7815716e-01   5.0288789e-01   7.7362499e-01   0.0000000e+00   9.5488911e-01   1.0342163e+00
   3.7755913e-01   5.0370194e-01   7.7433897e-01   0.0000000e+00   9.5549135e-01   1.0350230e+00
   3.7914261e-01   5.0337875e-01   7.7349769e-01   0.0000000e+00   9.5559895e-01   1.0354274e+00
   3.7883341e-01   5.0329376e-01   7.7361491e-01   8.9464417e-01   9.5772359e-01   1.0340568e+00
   3.7862910e-01   5.0383429e-01   7.7238220e-01   8.9969445e-01   9.5454786e-01   1.0362140e+00
   3.7875942e-01   5.0318517e-01   7.7358138e-01   0.0000000e+00   9.5583657e-01   1.0341002e+00
   3.7826190e-01   5.0407475e-01   7.7487751e-01   0.0000000e+00   9.5715759e-01   1.0352046e+00
   3.7779742e-01   5.0359510e-01   7.7508169e-01   0.0000000e+00   9.5589902e-01   1.0335226e+00
   3.7738201e-01   5.0422302e-01   7.7261300e-01   8.9744414e-01   9.5688641e-01   1.0355815e+00
   3.7900388e-01   5.0380561e-01   7.7264831e-01   0.0000000e+00   9.5789838e-01   1.0354827e+00
   3.7915928e-01   5.0352477e-01   7.7340414e-01   8.9994667e-01   9.5396706e-01   1.0323220e+00
   3.7832916e-01   5.0369322e-01   7.7720773e-01   0.0000000e+00   9.5727930e-01   1.0336403e+00
   3.7820923e-01   5.0302283e-01   7.7109729e-01   0.0000000e+00   9.5359999e-01   1.0337386e+00
   3.7761819e-01   5.0321342e-01   7.7477652e-01   8.9740105e-01   9.5515451e-01   1.0335578e+00
   3.7793041e-01   5.0361764e-01   7.7164740e-01   8.9933715e-01   9.5748153e-01   1.0315584e+00
   3.7833145e-01   5.0290468e-01   7.7556743e-01   8.9773030e-01   9.5694327e-01   1.0335138e+00
   3.7763310e-01   5.0337413e-01   7.7034083e-01   8.9522366e-01   9.5741093e-01   1.0346155e+00
   3.7789593e-01   5.0388577e-01   7.7186286e-01   8.9652125e-01   9.5777270e-01   1.0346877e+00
   3.7693448e-01   5.0354069e-01   7.7077331e-01   8.9987393e-01   9.5331715e-01   1.0321101e+00
   3.7652507e-01   5.0301779e-01   7.7098705e-01   8.9777023e-01   9.5207440e-01   1.0323357e+00
   3.7700460e-01   5.0292005e-01   7.6963957e-01   8.9672748e-01   9.5487481e-01   1.0329284e+00
   3.7748056e-01   5.0225909e-01   7.7164485e-01   8.9486769e-01   9.5225597e-01   1.0330245e+00
   3.7714664e-01   5.0271977e-01   7.7295013e-01   8.9399066e-01   9.5202049e-01   1.0334030e+00
   3.7643186e-01   5.0199079e-01   7.6719232e-01   8.9539580e-01   9.5208005e-01   1.0312981e+00
   3.7797035e-01   5.0285290e-01   7.7055214e-01   8.9817421e-01   9.5526408e-01   1.0342496e+00
   3.7674774e-01   4.9956767e-01   7.7567730e-01   8.9429809e-01   9.5297821e-01   1.0322129e+00
   3.7672456e-01   5.0242560e-01   7.6998821e-01   0.0000000e+00   9.5430861e-01   1.0340409e+00
   3.7612962e-01   5.0203203e-01   7.7044361e-01   8.9756651e-01   9.5191035e-01   1.0316992e+00
   3.7634945e-01   5.0385336e-01   7.7127074e-01   8.9948858e-01   9.5405263e-01   1.0322052e+00
   3.7696705e-01   5.0279581e-01   7.6857446e-01   0.0000000e+00   9.5102591e-01   1.0335004e+00
   3.7740925e-01   5.0277611e-01   7.7287973e-01   8.9851645e-01   9.5087216e-01   1.0329892e+00
   3.7767470e-01   5.0384696e-01   7.7162913e-01   8.9897480e-01   9.5551549e-01   1.0333068e+00
   3.7827985e-01   5.0367170e-01   7.7252980e-01   0.0000000e+00   9.5687331e-01   1.0345164e+00
   3.7814651e-01   5.0302481e-01   7.7464159e-01   8.9548251e-01   9.5470824e-01   1.0340988e+00
   3.7826764e-01   5.0397741e-01   7.7366399e-01   8.9302248e-01   9.5425862e-01   1.0346939e+00
   3.7748488e-01   5.0310833e-01   7.7306866e-01   8.9470224e-01   9.5638719e-01   1.0339361e+00
   3.7640453e-01   5.0340221e-01   7.7061055e-01   8.9830462e-01   9.5452925e-01   1.0349330e+00
   3.7874616e-01   5.0380945e-01   7.7155189e-01   8.9397501e-01   9.5679627e-01   1.0354505e+00
