   2.9761336e+00   4.3483422e-01
   3.2637602e+00   5.9849900e-01
   3.2966467e+00   9.4708160e-01
   3.1104872e+00   1.4665171e+00
   2.7392057e+00   1.9642716e+00
   2.2651250e+00   2.4886816e+00
   1.6718539e+00   3.0061507e+00
   1.0758970e+00   3.4888910e+00
   5.0421318e-01   3.9283266e+00
   4.7480499e-02   4.1486573e+00
  -1.9989834e-01   4.2421044e+00
  -2.7392731e-01   4.1776272e+00
  -1.7922477e-01   3.8758786e+00
   2.7346053e-02   3.4004967e+00
   4.7081748e-01   2.8410468e+00
   9.4916141e-01   2.2562600e+00
   1.3787272e+00   1.5252524e+00
   1.8884046e+00   7.9963101e-01
   2.1971192e+00   1.6342630e-01
   2.3540688e+00  -4.6989417e-01
   2.3422148e+00  -9.5592922e-01
   2.0209148e+00  -1.3283554e+00
   1.5457098e+00  -1.5788126e+00
   8.9685897e-01  -1.6210489e+00
   9.2683021e-02  -1.5882952e+00
  -7.9110081e-01  -1.5231700e+00
  -1.6797148e+00  -1.4292506e+00
  -2.4740380e+00  -1.3829200e+00
  -3.1247905e+00  -1.3594327e+00
  -3.5874339e+00  -1.3296227e+00
  -3.7865626e+00  -1.4311030e+00
  -3.7840814e+00  -1.6876821e+00
  -3.5523599e+00  -1.9272454e+00
  -3.0377266e+00  -2.2798840e+00
  -2.4803738e+00  -2.7498525e+00
  -1.8288127e+00  -3.0782149e+00
  -1.0635793e+00  -3.3988075e+00
  -4.2497292e-01  -3.6513261e+00
   1.0808695e-01  -3.6673009e+00
   4.8711722e-01  -3.6543983e+00
   7.1585514e-01  -3.4624996e+00
   7.9006666e-01  -3.0301694e+00
   5.7951064e-01  -2.5091065e+00
   2.8680554e-01  -1.8492697e+00
  -1.1658158e-01  -1.1485141e+00
  -5.8479858e-01  -3.5699206e-01
  -9.6619358e-01   4.1530965e-01
  -1.3046326e+00   1.1118515e+00
  -1.4583534e+00   1.7778840e+00
  -1.4472567e+00   2.2617275e+00
  -1.2227266e+00   2.6242197e+00
  -7.8866245e-01   2.7882704e+00
  -2.4098891e-01   2.8449010e+00
   4.8297988e-01   2.7999636e+00
   1.3133377e+00   2.5998702e+00
   2.1324530e+00   2.4176380e+00
   2.8504560e+00   2.1560587e+00
   3.4185267e+00   1.9722555e+00
   3.7787549e+00   1.8575906e+00
   3.9446041e+00   1.7238237e+00
   3.8988994e+00   1.7538184e+00
   3.5910474e+00   1.8895634e+00
   3.0507890e+00   2.1151193e+00
   2.3480947e+00   2.3165560e+00
   1.5776180e+00   2.4681639e+00
   7.4239804e-01   2.6522302e+00
  -5.3629511e-02   2.7315133e+00
  -7.0855663e-01   2.7237523e+00
  -1.1885033e+00   2.6248866e+00
  -1.4223371e+00   2.3503158e+00
  -1.5194310e+00   1.8416837e+00
  -1.4498085e+00   1.2487533e+00
  -1.1641566e+00   6.5996719e-01
  -7.8742407e-01  -1.9401023e-01
  -3.2569822e-01  -9.8034749e-01
   9.6236900e-02  -1.6634239e+00
   4.5245866e-01  -2.4155789e+00
   6.9389548e-01  -2.9290150e+00
   7.4990316e-01  -3.3664925e+00
   6.6198067e-01  -3.6448922e+00
   2.9201161e-01  -3.7280564e+00
  -2.6664259e-01  -3.6716410e+00
  -8.6365003e-01  -3.4588383e+00
  -1.4995906e+00  -3.2192410e+00
  -2.2478898e+00  -2.7990192e+00
  -2.9107330e+00  -2.4311809e+00
  -3.3245733e+00  -2.0947925e+00
  -3.7258491e+00  -1.7069985e+00
  -3.8365586e+00  -1.4891103e+00
  -3.6057368e+00  -1.3212192e+00
  -3.2316537e+00  -1.2773258e+00
  -2.5748343e+00  -1.2919026e+00
  -1.8510088e+00  -1.3151584e+00
  -1.0591347e+00  -1.4253768e+00
  -1.7286982e-01  -1.4990750e+00
   6.4820352e-01  -1.5416633e+00
   1.3770491e+00  -1.5126574e+00
   1.8960454e+00  -1.2962064e+00
   2.2378553e+00  -9.9543479e-01
   2.3882322e+00  -5.9587925e-01
   2.3024324e+00   3.0152668e-02
   2.0515961e+00   6.7490983e-01
   1.6299423e+00   1.3777659e+00
   1.1333600e+00   2.1147639e+00
   6.5027421e-01   2.7064456e+00
   2.3733925e-01   3.3144343e+00
  -9.0471156e-02   3.8074687e+00
  -2.7443038e-01   4.0884956e+00
  -2.3301493e-01   4.2556850e+00
  -3.5551728e-02   4.2411857e+00
   3.7043775e-01   3.9794465e+00
   8.7271910e-01   3.6270235e+00
   1.4059795e+00   3.1910304e+00
   2.0317395e+00   2.6391964e+00
   2.5718776e+00   2.1105018e+00
   2.9656858e+00   1.5248775e+00
   3.2613369e+00   1.0477628e+00
   3.3008128e+00   6.5201676e-01
   3.0349768e+00   3.2408829e-01
   2.6207649e+00   1.5611328e-01
   1.9805132e+00   4.4818324e-02
   1.2030837e+00   1.4816461e-01
   3.9385148e-01   1.4259196e-01
  -5.5138080e-01   6.0360219e-02
  -1.4094967e+00   1.3658125e-01
  -2.1423256e+00   8.7810880e-02
  -2.7414022e+00  -5.8574615e-03
  -3.0746076e+00  -2.5807787e-01
  -3.2007428e+00  -6.7038473e-01
  -3.0782227e+00  -1.0876843e+00
  -2.7829095e+00  -1.6530684e+00
  -2.2902735e+00  -2.2213696e+00
  -1.7356845e+00  -2.7477957e+00
  -1.1703516e+00  -3.3005982e+00
  -5.2328871e-01  -3.7767574e+00
  -1.4833771e-01  -4.0994971e+00
   1.3954187e-01  -4.2672995e+00
   2.8856436e-01  -4.2583385e+00
   1.2891121e-01  -4.0471166e+00
  -8.2281635e-02  -3.7129494e+00
  -4.9892495e-01  -3.2290183e+00
  -1.0125777e+00  -2.6279608e+00
  -1.4981830e+00  -1.9648243e+00
  -1.9516637e+00  -1.1984663e+00
  -2.2923716e+00  -5.4660843e-01
  -2.5063162e+00   3.3395532e-02
  -2.4887753e+00   5.7797131e-01
  -2.2981773e+00   8.7137367e-01
  -1.8868471e+00   1.1484865e+00
  -1.2489357e+00   1.3300331e+00
  -4.8952446e-01   1.2643210e+00
   3.8811661e-01   1.2303767e+00
   1.2839035e+00   1.2200439e+00
   2.1156261e+00   1.1377398e+00
   2.8159770e+00   1.0960737e+00
   3.3306338e+00   1.1539512e+00
   3.6907522e+00   1.2708225e+00
   3.7586212e+00   1.4954545e+00
   3.5103592e+00   1.7903839e+00
   3.1435159e+00   2.1249416e+00
   2.6392629e+00   2.6123035e+00
   1.9925641e+00   3.0294475e+00
   1.2853092e+00   3.3394103e+00
   6.2049861e-01   3.6962501e+00
   5.4524205e-02   3.8650018e+00
  -3.6211454e-01   3.8455066e+00
  -5.6686098e-01   3.6943588e+00
  -6.5367781e-01   3.3735852e+00
  -4.8237176e-01   2.8857147e+00
  -1.1066957e-01   2.2655037e+00
   2.3339581e-01   1.5966212e+00
   6.8600568e-01   8.4875463e-01
   1.1324212e+00   8.8964442e-02
   1.4433133e+00  -6.7117659e-01
   1.6478367e+00  -1.3244702e+00
   1.6746853e+00  -1.8451648e+00
   1.4883646e+00  -2.2715881e+00
   1.0848400e+00  -2.4721236e+00
   5.0097102e-01  -2.5776393e+00
  -1.7277692e-01  -2.5728131e+00
  -9.3320091e-01  -2.4438995e+00
  -1.8049409e+00  -2.2393755e+00
  -2.6013703e+00  -2.0161169e+00
  -3.2347485e+00  -1.9158923e+00
  -3.7187895e+00  -1.8034610e+00
  -3.9741837e+00  -1.7613028e+00
  -3.9654335e+00  -1.8314509e+00
  -3.6840754e+00  -1.9196886e+00
  -3.2328612e+00  -2.1385160e+00
  -2.6057741e+00  -2.3849600e+00
  -1.8151299e+00  -2.6063809e+00
  -1.0558361e+00  -2.8430894e+00
  -3.1578159e-01  -2.9526926e+00
   3.7256216e-01  -2.9908762e+00
   9.1308295e-01  -2.9338111e+00
   1.2368044e+00  -2.6457576e+00
   1.3244319e+00  -2.2703323e+00
   1.2985267e+00  -1.7287333e+00
   1.0396581e+00  -1.0397687e+00
   6.3321245e-01  -3.1711723e-01
   2.4743222e-01   4.7893729e-01
  -2.3741132e-01   1.2147066e+00
  -5.9309041e-01   1.9484507e+00
  -8.2863986e-01   2.5763360e+00
  -9.3218247e-01   3.0264525e+00
  -7.2573837e-01   3.3782052e+00
  -4.6153419e-01   3.4983438e+00
  -3.0844956e-02   3.5218396e+00
   6.4544983e-01   3.4292705e+00
   1.3457143e+00   3.1838131e+00
   2.0739792e+00   2.8856023e+00
   2.7712197e+00   2.4616475e+00
   3.3179691e+00   2.1339373e+00
   3.6821001e+00   1.8774917e+00
   3.8675297e+00   1.6285291e+00
   3.8017319e+00   1.5302646e+00
   3.4585498e+00   1.4593662e+00
   2.9308935e+00   1.5010404e+00
   2.2488072e+00   1.6186595e+00
   1.3873274e+00   1.7191398e+00
   4.7884271e-01   1.8199029e+00
  -2.9443084e-01   1.8571964e+00
  -1.0313621e+00   1.8240429e+00
  -1.6254103e+00   1.6560026e+00
  -2.0143937e+00   1.3830650e+00
  -2.2011393e+00   9.7658117e-01
  -2.1252612e+00   4.2388941e-01
  -1.9390999e+00  -2.0878102e-01
  -1.5823414e+00  -9.0314100e-01
  -1.0763744e+00  -1.6487714e+00
  -5.9643670e-01  -2.3905777e+00
  -1.6277395e-01  -3.0192160e+00
   1.7271166e-01  -3.5961941e+00
   3.1868070e-01  -3.9774588e+00
   3.2825507e-01  -4.1186195e+00
   1.6276248e-01  -4.1922896e+00
  -2.3626804e-01  -4.0279308e+00
  -7.5597278e-01  -3.7272072e+00
  -1.3664985e+00  -3.3516565e+00
  -1.9673615e+00  -2.8492386e+00
  -2.5148180e+00  -2.3735166e+00
  -3.0257171e+00  -1.8405298e+00
  -3.3363911e+00  -1.3426467e+00
  -3.4098455e+00  -9.8958264e-01
  -3.2751861e+00  -6.6998032e-01
  -2.9202635e+00  -4.8180629e-01
  -2.3580551e+00  -4.0281775e-01
  -1.5890408e+00  -3.8324185e-01
  -7.1655597e-01  -4.0227138e-01
   1.9435123e-01  -4.4851614e-01
   1.0892121e+00  -5.4446304e-01
   1.8323578e+00  -4.6859847e-01
   2.4069595e+00  -3.0914562e-01
   2.8231044e+00  -8.0381261e-02
   2.9958127e+00   3.2184155e-01
   2.9333034e+00   7.2233267e-01
   2.7013460e+00   1.2774528e+00
   2.2547722e+00   1.9430619e+00
   1.7362205e+00   2.5228119e+00
   1.2100958e+00   3.0939457e+00
   6.3891928e-01   3.5944013e+00
   2.3413140e-01   3.9705917e+00
  -4.1945682e-02   4.2607275e+00
  -1.8918010e-01   4.3568867e+00
  -1.1404911e-01   4.2561760e+00
   6.9358645e-02   4.0080727e+00
   4.8169994e-01   3.4937113e+00
   9.9661606e-01   2.9007663e+00
   1.5224273e+00   2.3141666e+00
   2.0611407e+00   1.6466954e+00
   2.4334343e+00   1.0033144e+00
   2.7055800e+00   3.7289792e-01
   2.7483720e+00  -1.1677923e-01
   2.5911617e+00  -4.7031223e-01
   2.2200771e+00  -7.7844110e-01
   1.5519342e+00  -9.1955091e-01
   8.4432766e-01  -9.8575908e-01
  -4.4114629e-02  -9.8399660e-01
  -9.8021687e-01  -9.1387670e-01
  -1.7859665e+00  -8.7618741e-01
  -2.5543066e+00  -8.0543851e-01
  -3.1163535e+00  -8.7000475e-01
  -3.4479184e+00  -1.0877615e+00
  -3.5950502e+00  -1.2606837e+00
  -3.5700287e+00  -1.6110644e+00
  -3.2148232e+00  -2.0567672e+00
  -2.6893919e+00  -2.4642184e+00
  -2.1097849e+00  -2.9157481e+00
  -1.3860720e+00  -3.2683235e+00
  -8.1979112e-01  -3.6407675e+00
  -2.2559536e-01  -3.9333221e+00
   2.6645818e-01  -3.9653473e+00
   3.9022707e-01  -3.9198845e+00
   5.0228503e-01  -3.7072248e+00
   3.8638697e-01  -3.2784036e+00
  -1.7483659e-02  -2.7373288e+00
  -3.6805556e-01  -2.0282474e+00
  -7.8628306e-01  -1.2780971e+00
  -1.2839272e+00  -5.3269246e-01
  -1.6377834e+00   2.1538822e-01
  -1.8419951e+00   8.1785966e-01
  -1.8615491e+00   1.3701740e+00
  -1.7184219e+00   1.8605690e+00
  -1.4335008e+00   2.1848778e+00
  -8.2843207e-01   2.2983273e+00
  -7.7666786e-02   2.2693530e+00
   6.4446761e-01   2.2180409e+00
   1.4906702e+00   2.0789074e+00
   2.3463830e+00   1.9171463e+00
   3.0052233e+00   1.7527292e+00
   3.5076921e+00   1.6881132e+00
   3.8221765e+00   1.7069249e+00
   3.9059704e+00   1.7147822e+00
   3.7718342e+00   1.8877416e+00
   3.3566783e+00   2.1382360e+00
   2.7692906e+00   2.4127781e+00
   2.0983346e+00   2.7203057e+00
   1.3056695e+00   2.9587900e+00
   5.2168012e-01   3.1475996e+00
  -1.0391600e-01   3.2446730e+00
  -6.0447697e-01   3.2004097e+00
  -9.8013573e-01   3.0119985e+00
  -1.1431193e+00   2.6826320e+00
  -1.1257602e+00   2.1915556e+00
  -9.1472174e-01   1.5677487e+00
  -5.4692689e-01   8.4398042e-01
  -1.2674485e-01   2.6238606e-02
   3.3170881e-01  -7.2026559e-01
   6.9411575e-01  -1.4377264e+00
   9.2717354e-01  -2.1169226e+00
   1.0711243e+00  -2.6800841e+00
   1.0224343e+00  -3.1114863e+00
   7.1035886e-01  -3.2882319e+00
   2.0293410e-01  -3.4001208e+00
  -3.6821580e-01  -3.3198233e+00
  -1.0656537e+00  -3.0338871e+00
  -1.8819509e+00  -2.8257048e+00
  -2.6049704e+00  -2.5103594e+00
  -3.2124347e+00  -2.2174201e+00
  -3.6821663e+00  -1.9594258e+00
  -3.8910246e+00  -1.6929349e+00
  -3.8979356e+00  -1.6324693e+00
  -3.6860689e+00  -1.6304667e+00
  -3.1819583e+00  -1.6379705e+00
  -2.5580091e+00  -1.7859289e+00
  -1.7602348e+00  -1.9799927e+00
  -8.3926361e-01  -2.0285719e+00
  -9.6581925e-03  -2.1099128e+00
   7.2306847e-01  -2.1950312e+00
   1.3321366e+00  -2.0221366e+00
   1.8312850e+00  -1.7423407e+00
   1.9768684e+00  -1.3984371e+00
   1.9119593e+00  -9.2292422e-01
   1.8026401e+00  -2.6448275e-01
   1.4430927e+00   4.7424821e-01
   1.0085341e+00   1.2029451e+00
   5.1317161e-01   1.9582698e+00
   1.0220700e-01   2.6429631e+00
  -2.2551000e-01   3.2165108e+00
  -5.2084739e-01   3.6535139e+00
  -4.5759518e-01   3.9541666e+00
  -2.2312345e-01   4.0542482e+00
   9.3049125e-02   3.9999666e+00
   6.4304896e-01   3.8250097e+00
   1.2424356e+00   3.4600162e+00
   1.8804915e+00   3.0090489e+00
   2.5285791e+00   2.5471310e+00
   3.0305812e+00   2.0787213e+00
   3.4267646e+00   1.6196597e+00
   3.5710365e+00   1.2692593e+00
   3.4446479e+00   1.0085038e+00
   3.1754540e+00   7.7822019e-01
   2.6366175e+00   6.8646570e-01
   1.8913441e+00   7.2290657e-01
   1.1065351e+00   7.5199031e-01
   2.1562400e-01   7.7276425e-01
  -7.0446366e-01   8.1373061e-01
  -1.4436294e+00   7.6664658e-01
  -2.1041258e+00   6.5304888e-01
  -2.6145615e+00   4.5693729e-01
  -2.7975703e+00   9.5361333e-02
  -2.7672250e+00  -3.6243175e-01
  -2.5391427e+00  -9.1788043e-01
  -2.2013891e+00  -1.5277716e+00
  -1.7462201e+00  -2.1784568e+00
  -1.2090108e+00  -2.8329568e+00
  -7.1215613e-01  -3.3919208e+00
  -2.0609474e-01  -3.8873507e+00
   8.4986032e-02  -4.2177006e+00
   1.8772536e-01  -4.3314715e+00
   1.6318466e-01  -4.2885834e+00
  -7.4840948e-02  -4.0799740e+00
  -4.5735079e-01  -3.7003840e+00
  -9.6774449e-01  -3.2001902e+00
  -1.4855323e+00  -2.6327473e+00
  -2.0393573e+00  -2.0164538e+00
  -2.5090666e+00  -1.4340337e+00
  -2.7475404e+00  -8.2919896e-01
  -2.8981934e+00  -2.7410420e-01
  -2.8609255e+00   8.7598204e-02
  -2.4865424e+00   3.4251840e-01
  -1.9077026e+00   5.6511397e-01
  -1.1768926e+00   6.8172942e-01
  -3.4613134e-01   6.2498089e-01
   4.5985638e-01   5.9895967e-01
   1.3814948e+00   5.5386302e-01
   2.2150282e+00   5.1627626e-01
   2.8166875e+00   6.4007755e-01
   3.2971298e+00   7.5632097e-01
   3.4401808e+00   1.0081239e+00
   3.4072319e+00   1.3435248e+00
   3.2033296e+00   1.7284240e+00
   2.7257571e+00   2.2882467e+00
   2.1891299e+00   2.7041477e+00
   1.5256155e+00   3.1664980e+00
   9.4374832e-01   3.6819467e+00
   4.4508371e-01   3.9062706e+00
  -1.1026858e-01   4.1130197e+00
  -3.2658663e-01   4.1246749e+00
  -3.9579267e-01   3.8844277e+00
  -3.2780549e-01   3.6211614e+00
   2.5546106e-02   3.1022273e+00
   3.5696250e-01   2.4267493e+00
   8.7153864e-01   1.7233016e+00
   1.3901633e+00   9.7050420e-01
   1.7245885e+00   2.6289906e-01
   2.0256042e+00  -4.0277870e-01
   2.0997286e+00  -9.7093554e-01
   1.9998146e+00  -1.4205995e+00
   1.7043728e+00  -1.7451340e+00
   1.1415341e+00  -1.9253386e+00
   4.7155275e-01  -2.0589893e+00
  -3.1535665e-01  -2.0186130e+00
  -1.1972413e+00  -1.8821850e+00
  -2.0274886e+00  -1.7845588e+00
  -2.7747605e+00  -1.5785384e+00
  -3.3648587e+00  -1.5065735e+00
  -3.7089098e+00  -1.5924253e+00
  -3.8813264e+00  -1.6525910e+00
  -3.8292606e+00  -1.8418226e+00
  -3.4465721e+00  -2.1118853e+00
  -2.8970064e+00  -2.3666619e+00
  -2.2918365e+00  -2.7055324e+00
  -1.5687028e+00  -3.0586574e+00
  -8.1516739e-01  -3.2857106e+00
  -1.4006884e-01  -3.4700717e+00
   4.0456323e-01  -3.4904062e+00
   7.8276569e-01  -3.3165239e+00
   9.6334070e-01  -3.0511294e+00
   9.2563437e-01  -2.6124741e+00
   7.5153405e-01  -2.0252274e+00
   4.8080423e-01  -1.2912212e+00
   4.3118011e-02  -5.0996105e-01
  -4.6639901e-01   2.3533828e-01
  -8.3226849e-01   9.9588476e-01
  -1.0973177e+00   1.7456154e+00
  -1.2484598e+00   2.2889378e+00
  -1.1574428e+00   2.7101963e+00
  -9.2761291e-01   3.0708228e+00
  -5.3541525e-01   3.1352886e+00
   9.6749605e-02   3.0964130e+00
   8.4487276e-01   3.0004098e+00
   1.6197856e+00   2.7745528e+00
   2.4128749e+00   2.4946524e+00
   3.1068967e+00   2.2254836e+00
   3.5881316e+00   2.0481978e+00
   3.8529383e+00   1.8458102e+00
   3.9305156e+00   1.7032020e+00
   3.7875437e+00   1.7105795e+00
   3.3524699e+00   1.7884497e+00
   2.7648039e+00   1.9149413e+00
   2.0513736e+00   2.0749782e+00
   1.1982096e+00   2.2345962e+00
   3.5768761e-01   2.3847164e+00
  -3.9696106e-01   2.4943265e+00
  -1.0292013e+00   2.4156776e+00
  -1.4966312e+00   2.1807594e+00
  -1.7504224e+00   1.8651060e+00
  -1.7882458e+00   1.3609986e+00
  -1.5799189e+00   7.0936002e-01
  -1.2732472e+00   3.5635050e-02
  -9.1593192e-01  -7.2149746e-01
  -4.3738601e-01  -1.5274208e+00
  -1.4812258e-02  -2.2430019e+00
   3.1456413e-01  -2.8175568e+00
   5.0375248e-01  -3.3242202e+00
   5.2655887e-01  -3.7621182e+00
   3.7306287e-01  -3.9294822e+00
   5.3065468e-03  -3.9145372e+00
  -4.5388114e-01  -3.7906263e+00
  -1.0480350e+00  -3.4948531e+00
  -1.7570264e+00  -3.1307764e+00
  -2.3703836e+00  -2.6928962e+00
  -2.9461491e+00  -2.2493417e+00
  -3.4330761e+00  -1.8375957e+00
  -3.6431737e+00  -1.4633467e+00
  -3.6693855e+00  -1.1830739e+00
  -3.4560504e+00  -9.6651489e-01
  -2.9784991e+00  -9.5660653e-01
  -2.2888340e+00  -1.0168877e+00
  -1.4444419e+00  -1.0485650e+00
  -5.9771189e-01  -1.1397086e+00
   2.9522059e-01  -1.1540036e+00
   1.1148993e+00  -1.1466664e+00
   1.7630292e+00  -1.0334264e+00
   2.3082281e+00  -8.1127413e-01
   2.5958047e+00  -5.1796351e-01
   2.5962893e+00  -2.5660023e-02
   2.4249573e+00   5.1702558e-01
   2.1343053e+00   1.1226643e+00
   1.7470149e+00   1.8471681e+00
   1.2175435e+00   2.5506006e+00
   6.7862880e-01   3.1197588e+00
   2.7073143e-01   3.6562545e+00
  -9.5275274e-02   4.0900891e+00
  -2.5839602e-01   4.2470237e+00
  -1.8730624e-01   4.2818751e+00
  -3.6067207e-03   4.1920792e+00
   4.2628477e-01   3.9103017e+00
   9.4083357e-01   3.4833001e+00
   1.4833486e+00   2.9247553e+00
   2.0886071e+00   2.2767223e+00
   2.5587834e+00   1.6877459e+00
   2.9270611e+00   1.1635819e+00
   3.1265034e+00   6.3395198e-01
   3.0224123e+00   2.3635544e-01
   2.7558381e+00  -3.3975075e-02
   2.2647595e+00  -2.3354640e-01
   1.5232992e+00  -3.3295814e-01
   7.3889958e-01  -3.1966750e-01
  -1.5095077e-01  -2.4796843e-01
  -1.0474668e+00  -2.4965366e-01
  -1.8614627e+00  -2.8916953e-01
  -2.5911797e+00  -3.2385442e-01
  -3.0177653e+00  -4.5487843e-01
  -3.3005997e+00  -6.7709249e-01
  -3.3844692e+00  -1.0166403e+00
  -3.1249751e+00  -1.5105262e+00
  -2.7846457e+00  -1.9843018e+00
  -2.3005827e+00  -2.4975617e+00
  -1.6643703e+00  -3.0782720e+00
  -1.0562369e+00  -3.5180986e+00
  -5.1307329e-01  -3.8758346e+00
  -7.2762378e-02  -4.1726205e+00
   2.2943759e-01  -4.2226363e+00
   3.2444645e-01  -4.0530559e+00
   2.2702755e-01  -3.8161124e+00
  -1.2799411e-02  -3.3992016e+00
  -4.3564147e-01  -2.8306828e+00
  -9.3700228e-01  -2.1804221e+00
  -1.4181836e+00  -1.4181857e+00
  -1.8299256e+00  -7.2260453e-01
  -2.1586201e+00  -1.9095802e-02
  -2.3534978e+00   6.1671241e-01
  -2.2711595e+00   9.8759473e-01
  -1.9812266e+00   1.3360759e+00
  -1.4573675e+00   1.6035255e+00
  -7.7916674e-01   1.6668169e+00
  -2.4281028e-02   1.7025590e+00
   8.6633899e-01   1.6057419e+00
   1.6900816e+00   1.3996203e+00
   2.4695064e+00   1.3848762e+00
   3.1125041e+00   1.3799147e+00
   3.5476004e+00   1.3317944e+00
   3.8271324e+00   1.4842677e+00
   3.7573397e+00   1.7398407e+00
   3.5255629e+00   1.9887135e+00
   3.1273962e+00   2.2531825e+00
   2.4559763e+00   2.6599501e+00
   1.7327663e+00   3.0790783e+00
   1.0290054e+00   3.3353621e+00
   3.7082594e-01   3.5258916e+00
  -2.0378740e-01   3.6546255e+00
  -5.8506504e-01   3.6092618e+00
  -7.7696403e-01   3.3888467e+00
  -7.6572425e-01   3.0357260e+00
  -6.0556100e-01   2.4192974e+00
  -3.4350473e-01   1.7409833e+00
   1.1513184e-01   1.0739176e+00
   5.2690883e-01   2.3476922e-01
   9.0379658e-01  -5.4206775e-01
   1.2628255e+00  -1.2262345e+00
   1.4167171e+00  -1.8348861e+00
   1.4217083e+00  -2.3232105e+00
   1.1793731e+00  -2.6968953e+00
   7.3992706e-01  -2.8456052e+00
   1.8353477e-01  -2.9022591e+00
  -5.5764640e-01  -2.8551751e+00
  -1.3768820e+00  -2.6297773e+00
  -2.1690043e+00  -2.4253689e+00
  -2.8977437e+00  -2.2612582e+00
  -3.5114916e+00  -2.0094234e+00
  -3.8517956e+00  -1.8047373e+00
  -3.9582254e+00  -1.7544688e+00
  -3.9004973e+00  -1.7750682e+00
  -3.5554972e+00  -1.8718289e+00
  -3.0167591e+00  -2.0386119e+00
  -2.3235220e+00  -2.2379674e+00
  -1.5155003e+00  -2.4426504e+00
  -7.0675364e-01  -2.5934950e+00
   1.0384444e-01  -2.6808835e+00
   7.9814243e-01  -2.6883700e+00
   1.2448880e+00  -2.5575868e+00
   1.4801824e+00  -2.2396930e+00
   1.5913096e+00  -1.7507087e+00
   1.4866254e+00  -1.1812064e+00
   1.1891820e+00  -4.8887385e-01
   8.0195038e-01   2.9300974e-01
   3.5543559e-01   1.0584682e+00
  -8.5522489e-02   1.7653470e+00
  -4.3834700e-01   2.4262990e+00
  -6.3665154e-01   3.0380044e+00
  -7.0983822e-01   3.4299682e+00
  -5.6786802e-01   3.7029218e+00
  -2.3984503e-01   3.8411224e+00
   2.5205614e-01   3.7282151e+00
   8.6794251e-01   3.4963995e+00
   1.5583828e+00   3.1596359e+00
   2.3119507e+00   2.8329755e+00
   2.9487614e+00   2.4377058e+00
   3.4293500e+00   1.9647268e+00
   3.6749996e+00   1.6287269e+00
   3.7249092e+00   1.4141750e+00
   3.6015706e+00   1.2916713e+00
   3.2269467e+00   1.2230883e+00
   2.6463380e+00   1.2390987e+00
   1.8029044e+00   1.3025067e+00
   8.7045935e-01   1.3630071e+00
   5.4156142e-02   1.4816493e+00
  -7.2561564e-01   1.4843089e+00
  -1.4612999e+00   1.3602516e+00
  -1.9797555e+00   1.2057549e+00
  -2.2984882e+00   9.0869818e-01
  -2.4369026e+00   4.4790579e-01
  -2.2934195e+00  -1.5004228e-01
  -2.0220363e+00  -7.5062136e-01
  -1.6626681e+00  -1.4188341e+00
  -1.1820024e+00  -2.2023413e+00
  -7.0026996e-01  -2.8322772e+00
  -2.3186625e-01  -3.3437049e+00
   9.6304594e-02  -3.8392502e+00
   2.2896354e-01  -4.1678002e+00
   2.3865693e-01  -4.2701288e+00
   3.0410383e-02  -4.1939950e+00
  -3.8218152e-01  -3.9788374e+00
  -8.9308641e-01  -3.6530702e+00
  -1.4418684e+00  -3.1736878e+00
  -2.0140272e+00  -2.5853731e+00
  -2.5917286e+00  -2.0205541e+00
  -2.9782588e+00  -1.4963451e+00
  -3.2031868e+00  -9.8476173e-01
  -3.2596285e+00  -5.9654168e-01
  -3.0282682e+00  -3.5538972e-01
  -2.6064377e+00  -1.5523489e-01
  -1.9552774e+00  -3.6397473e-02
  -1.1238148e+00  -4.4660515e-02
  -2.2435732e-01  -7.2867969e-02
   6.6613486e-01  -8.4934867e-02
   1.4856481e+00  -1.2961358e-01
   2.1923473e+00  -5.3310161e-02
   2.8092305e+00   9.1341460e-02
   3.1914523e+00   3.1671959e-01
   3.2320763e+00   7.2479743e-01
   3.1286223e+00   1.1904748e+00
   2.7908312e+00   1.7296952e+00
   2.2907550e+00   2.2741683e+00
   1.7523875e+00   2.8663809e+00
   1.1116157e+00   3.3851011e+00
   5.4353453e-01   3.7575422e+00
   1.4052626e-01   4.1269110e+00
  -1.3888281e-01   4.2610113e+00
  -2.7616078e-01   4.2653691e+00
  -1.5359882e-01   4.1227566e+00
   1.0213108e-01   3.6326225e+00
   4.6212805e-01   3.0864491e+00
   9.5537533e-01   2.5179371e+00
   1.4186901e+00   1.8579482e+00
   1.9523547e+00   1.1724426e+00
   2.3369083e+00   4.9389505e-01
   2.4963386e+00  -9.0516734e-02
   2.5331717e+00  -5.8942381e-01
   2.2454727e+00  -1.0061606e+00
   1.7877463e+00  -1.2396937e+00
   1.1791783e+00  -1.3270984e+00
   3.6092612e-01  -1.3861069e+00
  -4.5645822e-01  -1.3658864e+00
  -1.3254058e+00  -1.2509702e+00
  -2.1967445e+00  -1.1622704e+00
  -2.8936331e+00  -1.1233965e+00
  -3.4132666e+00  -1.1502221e+00
  -3.6833301e+00  -1.2981654e+00
  -3.7257634e+00  -1.5387634e+00
  -3.5655364e+00  -1.8678863e+00
  -3.1431116e+00  -2.2372705e+00
  -2.5921093e+00  -2.5841040e+00
  -1.9330340e+00  -3.0094786e+00
  -1.1935634e+00  -3.3577124e+00
  -5.6605846e-01  -3.5991960e+00
  -1.7392428e-02  -3.8116417e+00
   4.5156675e-01  -3.8152219e+00
   6.3836832e-01  -3.6830817e+00
   6.4300413e-01  -3.3292374e+00
   5.4312320e-01  -2.8073632e+00
   1.9508511e-01  -2.2505022e+00
  -2.0199062e-01  -1.5052178e+00
  -6.3314099e-01  -7.1181136e-01
  -1.0832209e+00   3.8194314e-02
  -1.3961199e+00   7.7709237e-01
  -1.6493369e+00   1.4341293e+00
  -1.6495914e+00   1.9329037e+00
  -1.3968591e+00   2.2932010e+00
  -1.0465894e+00   2.5286985e+00
  -4.6877296e-01   2.6510098e+00
   3.0753849e-01   2.6315055e+00
   1.1027291e+00   2.4918105e+00
   1.8823319e+00   2.3181097e+00
   2.6646146e+00   2.0832539e+00
   3.2710667e+00   1.9042160e+00
   3.6790714e+00   1.7710293e+00
   3.9482062e+00   1.7620356e+00
   3.9278088e+00   1.8201302e+00
   3.6322386e+00   1.8608361e+00
   3.1666135e+00   2.1102205e+00
   2.5830788e+00   2.3685343e+00
   1.7743815e+00   2.5975473e+00
   9.0803794e-01   2.8117330e+00
   2.4204716e-01   2.8960907e+00
  -4.5479920e-01   2.9407428e+00
  -9.8801582e-01   2.8924667e+00
  -1.2261718e+00   2.6625807e+00
  -1.3773782e+00   2.2249720e+00
  -1.3471635e+00   1.6429988e+00
  -1.1081482e+00   9.8300575e-01
  -6.7146975e-01   2.2891231e-01
  -1.7761931e-01  -5.6606592e-01
   2.0853327e-01  -1.2881757e+00
   5.4959811e-01  -2.0197720e+00
   8.1252239e-01  -2.6970176e+00
   8.7426205e-01  -3.1269451e+00
   7.5081781e-01  -3.4468377e+00
   4.2207841e-01  -3.6257530e+00
  -7.6118619e-02  -3.5840836e+00
  -6.7542788e-01  -3.4333083e+00
  -1.4156749e+00  -3.1650252e+00
  -2.1661085e+00  -2.8627258e+00
  -2.8017176e+00  -2.5271689e+00
  -3.3436723e+00  -2.1190213e+00
  -3.7281673e+00  -1.8283138e+00
  -3.8676197e+00  -1.5980918e+00
  -3.7934770e+00  -1.4409515e+00
  -3.4273911e+00  -1.4369566e+00
  -2.7914130e+00  -1.4578905e+00
  -2.1210916e+00  -1.5846316e+00
  -1.3686682e+00  -1.6491033e+00
  -4.6179128e-01  -1.7114809e+00
   4.0010595e-01  -1.8175970e+00
   1.1223906e+00  -1.7082822e+00
   1.7086680e+00  -1.6230714e+00
   2.0689204e+00  -1.2963885e+00
   2.2504714e+00  -7.8651119e-01
   2.1827011e+00  -3.4474722e-01
   1.9023548e+00   3.0586181e-01
   1.5928062e+00   9.8276357e-01
   1.1146394e+00   1.7412611e+00
   5.8911015e-01   2.4568945e+00
   1.5848138e-01   3.0408468e+00
  -1.8428081e-01   3.6304715e+00
  -3.1992528e-01   3.9738874e+00
  -2.8953627e-01   4.1639629e+00
  -9.1205362e-02   4.1784669e+00
   2.3769866e-01   4.0000236e+00
   7.6267901e-01   3.7668246e+00
   1.4236984e+00   3.3627268e+00
   1.9813085e+00   2.8199172e+00
   2.5188704e+00   2.2701855e+00
   2.9618764e+00   1.7709055e+00
   3.3186327e+00   1.3156878e+00
   3.4820612e+00   9.0687115e-01
   3.2658311e+00   6.1254395e-01
   2.8856944e+00   4.0641381e-01
   2.3060515e+00   3.0897388e-01
   1.5106350e+00   3.6724539e-01
   6.2438436e-01   3.9237732e-01
  -2.9175579e-01   4.0494521e-01
  -1.1280028e+00   4.5218414e-01
  -1.8717871e+00   3.7831260e-01
  -2.4572401e+00   2.7386066e-01
  -2.8482593e+00   1.9364540e-02
  -3.0937904e+00  -3.8968124e-01
  -3.0300022e+00  -7.8733576e-01
  -2.6780567e+00  -1.3820973e+00
  -2.2686075e+00  -2.0036053e+00
  -1.7392394e+00  -2.5989099e+00
  -1.1615555e+00  -3.2125869e+00
  -6.6781683e-01  -3.6600289e+00
  -1.7363933e-01  -4.0543627e+00
   9.2020659e-02  -4.2370992e+00
   1.7570399e-01  -4.2933188e+00
   1.9632520e-01  -4.2412750e+00
  -8.8610962e-02  -3.8629304e+00
  -5.1657277e-01  -3.4178791e+00
  -9.9121452e-01  -2.8620048e+00
  -1.4796787e+00  -2.2126167e+00
  -1.9619432e+00  -1.5660211e+00
  -2.4381195e+00  -8.8188414e-01
  -2.6632297e+00  -3.5584194e-01
  -2.6886954e+00   1.3337806e-01
  -2.5128474e+00   5.8549354e-01
  -2.1027360e+00   8.0438892e-01
  -1.5033652e+00   9.5929620e-01
  -7.2623554e-01   1.0576060e+00
   9.1567652e-02   1.0457877e+00
   9.9110690e-01   9.3369100e-01
   1.8199575e+00   8.8032073e-01
   2.5772909e+00   9.1634254e-01
   3.2099380e+00   9.2441653e-01
   3.4894524e+00   1.1216916e+00
   3.6437396e+00   1.3361379e+00
   3.5398492e+00   1.5841351e+00
   3.1362125e+00   2.0560955e+00
   2.6441451e+00   2.4722926e+00
   2.0325991e+00   2.9069250e+00
   1.4093482e+00   3.3454335e+00
   7.6491607e-01   3.6681426e+00
   1.6684670e-01   3.9072062e+00
  -2.2916685e-01   3.9811947e+00
  -4.5545758e-01   3.8927227e+00
  -5.0370229e-01   3.6260558e+00
  -3.9164485e-01   3.2344037e+00
  -1.0372219e-01   2.6620799e+00
   3.2920950e-01   1.8955540e+00
   7.8518819e-01   1.1709344e+00
   1.1954187e+00   4.4449161e-01
   1.5621067e+00  -2.8387154e-01
   1.8667842e+00  -9.3708244e-01
   1.8993105e+00  -1.5166718e+00
   1.7082902e+00  -1.9594252e+00
   1.3642720e+00  -2.2108928e+00
   7.7171822e-01  -2.3129874e+00
   6.2813550e-02  -2.3613750e+00
  -7.4792361e-01  -2.2522514e+00
  -1.6217672e+00  -2.1119515e+00
  -2.4197355e+00  -1.9872496e+00
  -3.0885650e+00  -1.7787849e+00
  -3.5754631e+00  -1.6851832e+00
  -3.8624018e+00  -1.6811251e+00
  -3.9237750e+00  -1.7654344e+00
  -3.7535809e+00  -1.9169126e+00
  -3.3442173e+00  -2.1097292e+00
  -2.7282416e+00  -2.4364162e+00
  -2.0526052e+00  -2.7055085e+00
  -1.2978392e+00  -2.9665192e+00
  -4.9104969e-01  -3.1442563e+00
   1.4791702e-01  -3.2066759e+00
   6.6418217e-01  -3.2003494e+00
   1.0369771e+00  -2.9438954e+00
   1.1670031e+00  -2.5863192e+00
   1.1447208e+00  -2.0935134e+00
   9.0209714e-01  -1.4445667e+00
   5.2011943e-01  -7.1999223e-01
   1.4516263e-01   4.5747183e-02
  -2.8920308e-01   8.1569680e-01
  -6.7632245e-01   1.6216070e+00
  -9.4599241e-01   2.2698649e+00
  -1.0521915e+00   2.7589494e+00
  -9.0675726e-01   3.1178167e+00
  -6.3837170e-01   3.3349465e+00
  -1.9282449e-01   3.4006116e+00
   4.7195606e-01   3.2760710e+00
   1.1681915e+00   3.1543001e+00
   1.9202063e+00   2.9109904e+00
   2.6451242e+00   2.5192594e+00
   3.2068595e+00   2.1807664e+00
   3.6597373e+00   1.9471272e+00
   3.9278433e+00   1.7709625e+00
   3.8846168e+00   1.5843224e+00
   3.5565029e+00   1.5425443e+00
   3.0618486e+00   1.6030097e+00
   2.4347054e+00   1.7346226e+00
   1.6463308e+00   1.9029885e+00
   7.7947103e-01   1.9644624e+00
  -2.1052543e-02   2.0117201e+00
  -7.6849972e-01   2.0679230e+00
  -1.4213347e+00   2.0084139e+00
  -1.7839689e+00   1.7215866e+00
  -1.9810447e+00   1.2824854e+00
  -2.0068870e+00   7.6624053e-01
  -1.7924833e+00   1.3528954e-01
  -1.4655926e+00  -5.6291573e-01
  -1.0239701e+00  -1.3019601e+00
  -5.6835895e-01  -2.0272532e+00
  -1.2838797e-01  -2.6845867e+00
   2.2693190e-01  -3.2794480e+00
   4.4440679e-01  -3.7489043e+00
   4.4735586e-01  -4.0145808e+00
   2.4663577e-01  -4.1023354e+00
  -9.4631999e-02  -4.0142065e+00
  -6.8915217e-01  -3.7798033e+00
  -1.2885924e+00  -3.4237078e+00
  -1.8992901e+00  -2.9419778e+00
  -2.5421042e+00  -2.5001893e+00
  -3.0244119e+00  -2.0351817e+00
  -3.4027717e+00  -1.5313023e+00
  -3.5087977e+00  -1.1835085e+00
  -3.4019190e+00  -9.4356055e-01
  -3.1569979e+00  -7.4342497e-01
  -2.6072941e+00  -6.0055622e-01
  -1.8701639e+00  -5.8500805e-01
  -9.9264441e-01  -6.3075289e-01
  -7.2213846e-02  -6.8082309e-01
   7.8730308e-01  -7.7232948e-01
   1.5574034e+00  -7.4372737e-01
   2.1437213e+00  -5.7516826e-01
   2.6173512e+00  -3.4306327e-01
   2.8322581e+00  -8.2375023e-03
   2.7830453e+00   4.2890246e-01
   2.6009313e+00   1.0348468e+00
   2.2508415e+00   1.6302121e+00
   1.7596572e+00   2.2100436e+00
   1.1790815e+00   2.9495497e+00
   6.9536221e-01   3.4708486e+00
   2.6629196e-01   3.8090525e+00
  -7.7965753e-02   4.1912791e+00
  -1.8954520e-01   4.3420832e+00
  -1.4861112e-01   4.2652227e+00
   7.7730747e-02   4.0486624e+00
   4.7175599e-01   3.6787464e+00
   9.6209501e-01   3.1628211e+00
   1.5081435e+00   2.5381371e+00
   2.0370524e+00   1.9401265e+00
   2.4677039e+00   1.2897686e+00
   2.8007379e+00   6.6300578e-01
   2.9462796e+00   2.1855526e-01
   2.7685141e+00  -1.7454747e-01
   2.4234828e+00  -4.5697998e-01
   1.8824754e+00  -5.9918055e-01
   1.1212986e+00  -6.9805348e-01
   2.8311010e-01  -7.0888367e-01
  -6.2357891e-01  -6.4614902e-01
  -1.4915052e+00  -5.8039791e-01
  -2.2977702e+00  -5.7654606e-01
  -2.9152033e+00  -6.7845221e-01
  -3.3264942e+00  -8.1179684e-01
  -3.5397341e+00  -1.0183497e+00
  -3.4260598e+00  -1.4227131e+00
  -3.1835085e+00  -1.8074285e+00
  -2.7575846e+00  -2.2656688e+00
  -2.1596038e+00  -2.8456546e+00
  -1.5462863e+00  -3.2560521e+00
  -8.9990883e-01  -3.6430463e+00
  -3.2689386e-01  -3.9323341e+00
   1.2554896e-01  -4.0629431e+00
   3.5174495e-01  -4.0933216e+00
   4.0536910e-01  -3.8658123e+00
   3.1126670e-01  -3.4732078e+00
   1.5571853e-02  -2.9947810e+00
  -3.8074090e-01  -2.3631138e+00
  -8.7515177e-01  -1.6487658e+00
  -1.3101450e+00  -9.3783734e-01
  -1.6237307e+00  -1.4692203e-01
  -1.9445281e+00   5.4343807e-01
  -2.0569069e+00   1.0560055e+00
  -1.9185823e+00   1.5493886e+00
  -1.6470899e+00   1.8123214e+00
  -1.1133077e+00   1.9866255e+00
  -3.9830762e-01   2.0315960e+00
   4.2205429e-01   1.9335938e+00
   1.3314107e+00   1.9532338e+00
   2.1350767e+00   1.7459319e+00
   2.8181619e+00   1.5829887e+00
   3.4198887e+00   1.6172892e+00
   3.7609440e+00   1.6000790e+00
   3.9109377e+00   1.7014265e+00
   3.8087109e+00   1.8659707e+00
   3.4058070e+00   2.0998348e+00
   2.9681094e+00   2.3745051e+00
   2.2843777e+00   2.6717697e+00
   1.4912333e+00   2.9873755e+00
   7.7077113e-01   3.2596578e+00
   3.0647805e-02   3.4398677e+00
  -4.5852041e-01   3.4009128e+00
  -7.7839787e-01   3.2481976e+00
  -9.9658258e-01   2.9696872e+00
  -9.6752525e-01   2.5007381e+00
  -7.4090477e-01   1.9000553e+00
  -4.2056334e-01   1.2137598e+00
  -5.2745218e-02   4.2342618e-01
   4.0453277e-01  -3.5034779e-01
   8.0301882e-01  -1.0850604e+00
   1.0592058e+00  -1.8271175e+00
   1.2187234e+00  -2.3652879e+00
   1.1582465e+00  -2.8091554e+00
   8.9834998e-01  -3.0844302e+00
   4.1521655e-01  -3.1650631e+00
  -2.4134608e-01  -3.2059643e+00
  -9.1900843e-01  -3.0063587e+00
  -1.7174425e+00  -2.7831009e+00
  -2.4653290e+00  -2.5337702e+00
  -3.0679010e+00  -2.1827945e+00
  -3.6189591e+00  -1.9776119e+00
  -3.9140516e+00  -1.7721757e+00
  -3.9351558e+00  -1.7133132e+00
  -3.7742555e+00  -1.7365034e+00
  -3.3157006e+00  -1.7345707e+00
  -2.6762197e+00  -1.8836589e+00
  -1.9683295e+00  -2.0211281e+00
  -1.1414262e+00  -2.2015386e+00
  -3.4639011e-01  -2.3701030e+00
   4.0797866e-01  -2.4184287e+00
   1.1020829e+00  -2.2965142e+00
   1.5737242e+00  -2.0422426e+00
   1.8015062e+00  -1.7046164e+00
   1.7713788e+00  -1.2061432e+00
   1.6371379e+00  -6.6215569e-01
   1.3806104e+00   6.2087356e-02
   9.0151951e-01   8.6059554e-01
   4.5314073e-01   1.6366841e+00
   5.0184457e-02   2.4045577e+00
  -3.4577953e-01   2.9431134e+00
  -5.5782901e-01   3.4214153e+00
  -5.5738211e-01   3.7728718e+00
  -3.7694892e-01   3.9381637e+00
  -3.8659410e-02   3.9942105e+00
   4.9958569e-01   3.7900123e+00
   1.1440435e+00   3.4833717e+00
   1.7874166e+00   3.1157661e+00
   2.4642908e+00   2.6437974e+00
   2.9990154e+00   2.1816016e+00
   3.3767472e+00   1.7751229e+00
   3.6369841e+00   1.4505458e+00
   3.5894607e+00   1.1781694e+00
   3.3315148e+00   1.0088784e+00
   2.9059872e+00   9.1391031e-01
   2.2304351e+00   8.6560443e-01
   1.4117908e+00   9.7311447e-01
   4.9794256e-01   1.0170219e+00
  -4.0027240e-01   1.0063396e+00
  -1.1894978e+00   1.0789088e+00
  -1.8408488e+00   9.6753160e-01
  -2.3265602e+00   7.2629135e-01
  -2.6059700e+00   4.0026882e-01
  -2.6713719e+00  -1.6753360e-02
  -2.5343663e+00  -5.8584891e-01
  -2.1330541e+00  -1.2962194e+00
  -1.7134745e+00  -1.8972859e+00
  -1.2641022e+00  -2.5638654e+00
  -6.5585271e-01  -3.2181687e+00
  -2.3151369e-01  -3.7116353e+00
   3.6107251e-02  -4.0646994e+00
   1.9777522e-01  -4.2692836e+00
   1.5187102e-01  -4.3316514e+00
  -7.2926886e-02  -4.1524945e+00
  -4.4835913e-01  -3.8764659e+00
  -9.3787334e-01  -3.4163333e+00
  -1.5003576e+00  -2.8315528e+00
  -2.0297217e+00  -2.2672832e+00
  -2.5503018e+00  -1.6167553e+00
  -2.9019633e+00  -1.0788705e+00
  -3.0449552e+00  -6.1509952e-01
  -3.0307012e+00  -2.0654827e-01
  -2.6915105e+00   7.0453036e-02
  -2.1841556e+00   2.7775459e-01
  -1.5041508e+00   3.5987687e-01
  -6.6964662e-01   3.6738573e-01
   1.8136738e-01   3.5570227e-01
   1.1342937e+00   3.4398278e-01
   1.9852971e+00   2.8953035e-01
   2.6291393e+00   3.4196798e-01
   3.0611116e+00   5.2773489e-01
   3.2983486e+00   7.2116904e-01
   3.4006212e+00   1.0865193e+00
   3.1738573e+00   1.5618151e+00
   2.7189058e+00   2.0698112e+00
   2.2293510e+00   2.5785602e+00
   1.6400897e+00   3.0955322e+00
   1.0183214e+00   3.5807883e+00
   4.7014832e-01   3.8502390e+00
   2.9411943e-02   4.0978528e+00
  -2.2504329e-01   4.2512121e+00
  -3.1285953e-01   4.0801895e+00
  -2.2295239e-01   3.7721354e+00
   8.0008187e-02   3.3468334e+00
   4.7095057e-01   2.7514474e+00
   9.1293322e-01   2.0969332e+00
   1.4314810e+00   1.3916706e+00
   1.8401363e+00   6.2236087e-01
   2.0982761e+00  -4.6135939e-02
   2.2356410e+00  -6.5268796e-01
   2.1678620e+00  -1.1524818e+00
   1.9601177e+00  -1.4346356e+00
   1.4666418e+00  -1.7024619e+00
   7.3587964e-01  -1.7761516e+00
  -6.7868867e-02  -1.6701613e+00
  -9.7686541e-01  -1.6575868e+00
  -1.7933973e+00  -1.5888711e+00
  -2.5345815e+00  -1.4321883e+00
  -3.1841766e+00  -1.3670812e+00
  -3.6151871e+00  -1.4348819e+00
  -3.8168415e+00  -1.5220462e+00
  -3.7644279e+00  -1.7088578e+00
  -3.5275319e+00  -2.0122824e+00
  -3.0575891e+00  -2.3087427e+00
  -2.4373957e+00  -2.7129990e+00
  -1.7656498e+00  -3.0815330e+00
  -1.0002300e+00  -3.3433213e+00
  -2.8180822e-01  -3.6001880e+00
   2.4260227e-01  -3.6266296e+00
   6.0811305e-01  -3.5418834e+00
   8.5494501e-01  -3.3580231e+00
   8.6708692e-01  -2.9083576e+00
   6.3285295e-01  -2.3077710e+00
   3.0854109e-01  -1.6245161e+00
  -7.9064608e-02  -9.4833989e-01
  -5.3753617e-01  -1.3607592e-01
  -9.3111990e-01   6.7913520e-01
  -1.2127957e+00   1.3315438e+00
  -1.3698784e+00   1.9518860e+00
  -1.3412003e+00   2.4395648e+00
  -1.0967473e+00   2.7659865e+00
  -6.8308724e-01   2.9176270e+00
  -9.2289200e-02   2.9623554e+00
   6.1301827e-01   2.8718523e+00
   1.3939597e+00   2.7183444e+00
   2.2708381e+00   2.5002787e+00
   2.9226190e+00   2.1498780e+00
   3.4190300e+00   1.9977216e+00
   3.8703186e+00   1.8692160e+00
   4.0026479e+00   1.7541355e+00
   3.8520621e+00   1.8202589e+00
   3.4758191e+00   1.8805307e+00
   2.9334382e+00   2.0368333e+00
   2.2444605e+00   2.1771658e+00
   1.4318622e+00   2.3577362e+00
   6.0753782e-01   2.5798892e+00
  -1.3895867e-01   2.6458905e+00
  -7.6671562e-01   2.6844379e+00
  -1.2972526e+00   2.4985026e+00
  -1.5654440e+00   2.1152202e+00
  -1.6433803e+00   1.6926965e+00
  -1.5626863e+00   1.1132440e+00
  -1.1970188e+00   3.9813838e-01
  -8.1780569e-01  -3.9259393e-01
  -4.0297535e-01  -1.1258352e+00
   6.2279924e-02  -1.8954499e+00
   4.2564347e-01  -2.5939505e+00
   6.6607968e-01  -3.0898107e+00
   6.4920754e-01  -3.5449153e+00
   4.9253950e-01  -3.7760224e+00
   1.9911697e-01  -3.8014303e+00
  -3.0497137e-01  -3.7171457e+00
  -9.2789511e-01  -3.4698549e+00
  -1.6432154e+00  -3.1398583e+00
  -2.3153199e+00  -2.7776698e+00
  -2.9377769e+00  -2.3933396e+00
  -3.4148764e+00  -2.0032917e+00
  -3.6249032e+00  -1.6746154e+00
  -3.7025006e+00  -1.3858089e+00
  -3.5432821e+00  -1.2168319e+00
  -3.1219504e+00  -1.1620918e+00
  -2.5414187e+00  -1.1563316e+00
  -1.7354411e+00  -1.2432962e+00
  -8.8332058e-01  -1.3058577e+00
  -1.5467135e-02  -1.3824627e+00
   8.6204582e-01  -1.3814693e+00
   1.5424867e+00  -1.2839824e+00
   2.0651456e+00  -1.1514159e+00
   2.3721490e+00  -8.2947847e-01
   2.5037983e+00  -3.8933724e-01
   2.4341719e+00   2.0040830e-01
   2.0580270e+00   8.6630087e-01
   1.6434290e+00   1.5141380e+00
   1.1827076e+00   2.2158650e+00
   6.3744624e-01   2.8476466e+00
   2.1567143e-01   3.4269687e+00
  -7.8969172e-02   3.9200232e+00
  -2.3256681e-01   4.1354934e+00
  -2.1881069e-01   4.2304390e+00
  -1.4785098e-02   4.2249318e+00
   3.5190814e-01   3.9306695e+00
   8.4585022e-01   3.5204699e+00
   1.5206444e+00   3.0912111e+00
   2.0859728e+00   2.5509690e+00
   2.5688859e+00   1.9633457e+00
   3.0138014e+00   1.4144391e+00
   3.1597024e+00   9.3721136e-01
   3.2046308e+00   5.7757051e-01
   2.9906450e+00   2.7305218e-01
   2.4710629e+00   2.3236292e-02
   1.8482895e+00  -4.2519021e-02
   1.0712642e+00  -1.4058664e-02
   1.8158081e-01  -2.9923542e-02
  -7.7677068e-01  -1.7472804e-02
  -1.5712744e+00   1.8875480e-02
  -2.3120037e+00  -4.6055722e-02
  -2.9050159e+00  -1.7463505e-01
  -3.1267428e+00  -4.1729664e-01
  -3.2347143e+00  -8.3060924e-01
  -3.0843505e+00  -1.2833640e+00
  -2.7302545e+00  -1.7593508e+00
  -2.2585423e+00  -2.3029442e+00
  -1.6725686e+00  -2.8756150e+00
  -1.1373128e+00  -3.4146149e+00
  -5.5216831e-01  -3.8250720e+00
  -1.1827077e-01  -4.0996878e+00
   1.4836042e-01  -4.2961354e+00
   2.5279897e-01  -4.2306887e+00
   1.3720459e-01  -3.9574130e+00
  -4.4469748e-02  -3.6015954e+00
  -4.6642009e-01  -3.0584456e+00
  -9.7221404e-01  -2.4653062e+00
  -1.4190612e+00  -1.8016522e+00
  -1.9127025e+00  -1.0416492e+00
  -2.2654126e+00  -3.7425063e-01
  -2.4426850e+00   1.8339832e-01
  -2.4549988e+00   7.0207827e-01
  -2.2122846e+00   1.0987814e+00
  -1.7362167e+00   1.2680437e+00
  -1.0669205e+00   1.3712619e+00
  -2.7784574e-01   1.4300248e+00
   5.8445669e-01   1.4170726e+00
   1.4759569e+00   1.3745001e+00
   2.2563291e+00   1.2170888e+00
   2.9415746e+00   1.1678516e+00
   3.4662811e+00   1.2503727e+00
   3.7007965e+00   1.3511034e+00
   3.7032194e+00   1.5640813e+00
   3.5238428e+00   1.8385782e+00
   3.1219787e+00   2.2112856e+00
   2.5615709e+00   2.6418628e+00
   1.9075364e+00   3.0347591e+00
   1.1640672e+00   3.3748058e+00
   5.2590346e-01   3.6554580e+00
  -1.8768795e-02   3.7960761e+00
  -4.3504735e-01   3.7726230e+00
  -6.5975471e-01   3.6259224e+00
  -7.3419594e-01   3.2435361e+00
  -5.4440612e-01   2.7533010e+00
  -2.1594727e-01   2.1709098e+00
   2.1818820e-01   1.3990336e+00
   6.6645530e-01   6.1705665e-01
   1.0619997e+00  -1.3417615e-01
   1.4313243e+00  -8.8156230e-01
   1.5751026e+00  -1.5353921e+00
   1.5827683e+00  -2.0241374e+00
   1.3712630e+00  -2.4025953e+00
   9.2705267e-01  -2.6494817e+00
   3.9856011e-01  -2.7183284e+00
  -3.3433904e-01  -2.6264004e+00
  -1.1735018e+00  -2.4509637e+00
  -1.9880524e+00  -2.3021524e+00
  -2.6892784e+00  -2.0872447e+00
  -3.3533229e+00  -1.9065638e+00
  -3.7904428e+00  -1.8202455e+00
  -3.9046139e+00  -1.7624965e+00
  -3.9426660e+00  -1.8118884e+00
  -3.7183358e+00  -1.9140821e+00
  -3.1898115e+00  -2.1165980e+00
  -2.4631398e+00  -2.3321505e+00
  -1.6607221e+00  -2.5323442e+00
  -8.9594546e-01  -2.7639534e+00
  -1.6442990e-01  -2.8964101e+00
   5.1884633e-01  -2.9477910e+00
   1.0734700e+00  -2.8033770e+00
   1.3748670e+00  -2.5423941e+00
   1.4685818e+00  -2.1250526e+00
   1.3525658e+00  -1.5067186e+00
   1.0927712e+00  -8.8838037e-01
   7.2433313e-01  -1.4741956e-01
   2.4351782e-01   6.5512751e-01
  -1.3901703e-01   1.4384545e+00
  -4.8320596e-01   2.1781847e+00
  -8.0374444e-01   2.7302405e+00
  -8.5781192e-01   3.1495006e+00
  -7.2766411e-01   3.4870080e+00
  -4.0776767e-01   3.6457988e+00
   1.1809224e-01   3.6099743e+00
   7.0366070e-01   3.4327182e+00
   1.4097145e+00   3.1995109e+00
   2.1431112e+00   2.8741829e+00
   2.8113222e+00   2.4388295e+00
   3.3355822e+00   2.0810021e+00
   3.6892707e+00   1.7826312e+00
   3.8321847e+00   1.5567203e+00
   3.7022005e+00   1.4197109e+00
   3.3960896e+00   1.3487910e+00
   2.7983549e+00   1.4347315e+00
   2.0439373e+00   1.4924761e+00
   1.2348813e+00   1.5673252e+00
   3.4712718e-01   1.7134472e+00
  -4.6807318e-01   1.7354280e+00
  -1.1944276e+00   1.6729860e+00
  -1.7584141e+00   1.5085992e+00
  -2.1343234e+00   1.2444934e+00
  -2.3111742e+00   8.4031194e-01
  -2.2427557e+00   2.8011589e-01
  -1.9900584e+00  -3.4603462e-01
  -1.5780767e+00  -1.0694709e+00
  -1.0715457e+00  -1.8472439e+00
  -6.2269295e-01  -2.5586637e+00
  -1.9456326e-01  -3.1308822e+00
   1.2598348e-01  -3.6320299e+00
   2.7798152e-01  -4.0408450e+00
   3.5789742e-01  -4.2155469e+00
   1.3142282e-01  -4.2182109e+00
  -3.4465867e-01  -4.0381580e+00
  -8.3592163e-01  -3.7047605e+00
  -1.3968292e+00  -3.3271246e+00
  -2.0272782e+00  -2.7405270e+00
  -2.5933112e+00  -2.1713624e+00
  -3.0372478e+00  -1.7439595e+00
  -3.3506924e+00  -1.2087969e+00
  -3.3529791e+00  -8.1286549e-01
  -3.1515730e+00  -5.5504809e-01
  -2.7954113e+00  -3.5707786e-01
  -2.2116521e+00  -2.8443128e-01
  -1.4650516e+00  -2.1340032e-01
  -5.4162926e-01  -2.5621645e-01
   3.5633855e-01  -3.5668241e-01
   1.2593683e+00  -3.8763124e-01
   2.0464481e+00  -3.3712552e-01
   2.5643295e+00  -1.4410987e-01
   2.9351130e+00   1.1603383e-01
   3.0509106e+00   4.3926151e-01
   3.0104255e+00   9.0243388e-01
   2.7365358e+00   1.4316846e+00
   2.2539936e+00   2.0265178e+00
   1.7409689e+00   2.6420077e+00
   1.1464171e+00   3.2120464e+00
   6.5882670e-01   3.7093032e+00
   2.1767293e-01   4.0572017e+00
  -1.0708468e-01   4.3020138e+00
  -1.6947875e-01   4.3435249e+00
  -1.7021756e-01   4.1764705e+00
   6.0465746e-02   3.8565597e+00
   5.2630273e-01   3.3174847e+00
   1.0290181e+00   2.7479878e+00
   1.5184351e+00   2.1918910e+00
   1.9808895e+00   1.4634767e+00
   2.3729849e+00   7.4351749e-01
   2.5664620e+00   2.1068574e-01
   2.6672342e+00  -2.9457215e-01
   2.4918605e+00  -6.9834226e-01
   2.0317724e+00  -9.1231311e-01
   1.4763856e+00  -1.0788274e+00
   6.7634909e-01  -1.1247878e+00
  -1.7046846e-01  -1.0678418e+00
  -1.0949539e+00  -1.0404997e+00
  -1.9963845e+00  -9.7325893e-01
  -2.6242760e+00  -9.2353752e-01
  -3.1844138e+00  -9.7960124e-01
  -3.5815900e+00  -1.0794970e+00
  -3.6628134e+00  -1.3056190e+00
  -3.5077408e+00  -1.6705483e+00
  -3.1940619e+00  -2.0890497e+00
  -2.6901508e+00  -2.5265170e+00
  -2.0316008e+00  -2.9426168e+00
  -1.3582161e+00  -3.3562599e+00
  -7.1530634e-01  -3.7056665e+00
  -1.4745536e-01  -3.9053953e+00
   2.9293400e-01  -3.9496758e+00
   4.9492958e-01  -3.8289213e+00
   5.4384859e-01  -3.5346738e+00
   4.4147880e-01  -3.0813414e+00
   1.2444749e-01  -2.5535378e+00
  -2.7832735e-01  -1.8867025e+00
  -7.6307615e-01  -1.1117978e+00
  -1.1875409e+00  -3.6478304e-01
  -1.5110480e+00   3.8971561e-01
  -1.7261942e+00   1.0287585e+00
  -1.7608755e+00   1.5698799e+00
  -1.6361855e+00   2.0651737e+00
  -1.2829344e+00   2.3071157e+00
  -7.4810193e-01   2.3720689e+00
  -3.6290282e-02   2.4016082e+00
   8.4131525e-01   2.2880854e+00
   1.7222344e+00   2.1126895e+00
   2.4852041e+00   1.9768581e+00
   3.1375053e+00   1.8535147e+00
   3.6028304e+00   1.7560971e+00
   3.8677779e+00   1.6933197e+00
   3.9553029e+00   1.7830169e+00
   3.7370050e+00   1.9250368e+00
   3.2934646e+00   2.0955066e+00
   2.6961490e+00   2.4022598e+00
   2.0039577e+00   2.6658386e+00
   1.2319413e+00   2.8866352e+00
   4.2659755e-01   3.0708262e+00
  -2.4008918e-01   3.1643386e+00
  -7.5570127e-01   3.1300916e+00
  -1.0719450e+00   2.8919735e+00
  -1.2142137e+00   2.5365734e+00
  -1.1584966e+00   2.0031835e+00
  -9.1108518e-01   1.3196324e+00
  -5.7067861e-01   6.0496366e-01
  -1.2088269e-01  -1.2841126e-01
   3.0034751e-01  -9.0318335e-01
   6.5327142e-01  -1.7079136e+00
   9.2919744e-01  -2.3348843e+00
   9.7650144e-01  -2.8109566e+00
   8.7057699e-01  -3.1909241e+00
   6.5198990e-01  -3.3984627e+00
   1.3605412e-01  -3.4158289e+00
  -5.1285194e-01  -3.2911299e+00
  -1.2131380e+00  -3.1366339e+00
  -2.0054077e+00  -2.8681883e+00
  -2.6757998e+00  -2.5031663e+00
  -3.2662044e+00  -2.1715170e+00
  -3.6976876e+00  -1.9133986e+00
  -3.8983725e+00  -1.7104071e+00
  -3.9071192e+00  -1.5864015e+00
  -3.6026069e+00  -1.5683120e+00
  -3.0834701e+00  -1.5778965e+00
  -2.3589633e+00  -1.6991791e+00
  -1.5192491e+00  -1.8621694e+00
  -7.6376362e-01  -1.9239052e+00
   1.0693282e-01  -1.9822061e+00
   9.0943866e-01  -2.0226167e+00
   1.4132129e+00  -1.9036107e+00
   1.8473370e+00  -1.5849070e+00
   2.0869633e+00  -1.1825070e+00
   2.0422970e+00  -6.9921305e-01
   1.8377843e+00  -8.9062896e-02
   1.4887869e+00   6.4282624e-01
   1.0308939e+00   1.4109660e+00
   5.5499772e-01   2.1316923e+00
   1.4798188e-01   2.8276029e+00
  -1.9046826e-01   3.3776689e+00
  -3.6163636e-01   3.8137197e+00
  -3.5412381e-01   4.0944521e+00
  -1.9754381e-01   4.1088188e+00
   1.8702735e-01   4.0422834e+00
   6.7723618e-01   3.7951374e+00
   1.2887029e+00   3.3882300e+00
   1.9678676e+00   2.9759916e+00
   2.4887301e+00   2.4715556e+00
   2.9852682e+00   1.9363690e+00
   3.3742760e+00   1.5027281e+00
   3.5011684e+00   1.1606524e+00
   3.4582482e+00   8.7122121e-01
   3.1098387e+00   7.0091933e-01
   2.4836703e+00   6.1042876e-01
   1.7433465e+00   5.4027432e-01
   9.2180404e-01   6.0204318e-01
   6.9033637e-02   6.8199504e-01
  -7.6801228e-01   6.6142571e-01
  -1.5803929e+00   6.6507281e-01
  -2.2641799e+00   5.6848740e-01
  -2.6597724e+00   2.7463192e-01
  -2.8307630e+00  -1.1870465e-01
  -2.8326883e+00  -5.5521867e-01
  -2.6304699e+00  -1.0795896e+00
  -2.2342090e+00  -1.6917316e+00
  -1.7205586e+00  -2.3398596e+00
  -1.1933550e+00  -2.9675864e+00
  -6.8399209e-01  -3.4869365e+00
  -2.5691901e-01  -3.9545993e+00
   7.1447594e-02  -4.2641468e+00
   2.0280416e-01  -4.3491926e+00
   1.0017382e-01  -4.2934369e+00
  -1.1121970e-01  -4.0534905e+00
  -4.8006838e-01  -3.6654706e+00
  -9.2745786e-01  -3.1462991e+00
  -1.4714556e+00  -2.5386190e+00
  -2.0691802e+00  -1.8733480e+00
  -2.4638275e+00  -1.2116581e+00
  -2.7277733e+00  -6.2015681e-01
  -2.8284456e+00  -8.8632042e-02
  -2.7508270e+00   3.0499352e-01
  -2.3900844e+00   5.8405437e-01
  -1.6987411e+00   7.3945699e-01
  -1.0125834e+00   8.0595273e-01
  -2.0972389e-01   7.9468838e-01
   7.3346667e-01   7.1727932e-01
   1.6115906e+00   6.9202690e-01
   2.3818230e+00   6.7251035e-01
   2.9617850e+00   7.4653938e-01
   3.3775519e+00   8.8257520e-01
   3.5604449e+00   1.0742854e+00
   3.4801886e+00   1.4531933e+00
   3.2248248e+00   1.8801014e+00
   2.7418267e+00   2.3136802e+00
   2.1403399e+00   2.8051510e+00
   1.5185593e+00   3.3028021e+00
   8.5315217e-01   3.6319638e+00
   3.3629648e-01   3.9305755e+00
  -1.0590603e-01   4.1472277e+00
  -4.3287691e-01   4.0245446e+00
  -4.1525907e-01   3.8049496e+00
  -2.8655946e-01   3.4349416e+00
  -9.3143783e-02   2.8945702e+00
   3.6241693e-01   2.2507103e+00
   8.2212147e-01   1.5109635e+00
   1.2059119e+00   8.2579319e-01
   1.6760796e+00   1.2182540e-01
   1.9534685e+00  -5.8309413e-01
   2.0275145e+00  -1.1807501e+00
   1.8901068e+00  -1.6015936e+00
   1.5419925e+00  -1.9150674e+00
   1.0287670e+00  -2.1245938e+00
   2.0356218e-01  -2.1079429e+00
  -3.5538586e-01  -2.0283299e+00
